0.00604248046875 0 0
0.03319525718688965 1 8
0.0592198371887207 7 292
0.08545374870300293 19 459
0.11234307289123535 34 598
0.13797998428344727 51 654
0.16317963600158691 69 660
0.1892530918121338 85 644
0.2153611183166504 101 610
0.2423713207244873 116 549
0.26777195930480957 129 489
0.2932159900665283 140 424
0.31919264793395996 149 345
0.34522438049316406 157 283
0.37215757369995117 163 231
0.39731431007385254 167 181
0.4229612350463867 171 136
0.44887590408325195 173 96
0.47452235221862793 175 65
0.5001001358032227 175 51
0.5257818698883057 176 35
0.5523710250854492 177 28
0.5777440071105957 177 28
0.6031661033630371 176 10
0.6291589736938477 176 10
0.6551837921142578 176 3
0.6820704936981201 176 3
0.707399845123291 176 0
0.7332699298858643 176 0
0.7593543529510498 176 -2
0.7853550910949707 176 -2
0.8122186660766602 176 0
0.837510347366333 176 0
0.8630974292755127 176 0
0.8890910148620605 176 0
0.9151201248168945 176 0
0.9414899349212646 176 0
0.9664449691772461 176 0
0.9927282333374023 176 0
1.0183637142181396 176 0
1.0439846515655518 176 0
1.0698974132537842 176 0
1.0954742431640625 176 0
1.1223106384277344 176 0
1.1485424041748047 176 0
1.1730730533599854 176 0
1.2000820636749268 176 0
1.224930763244629 176 0
1.2522735595703125 176 0
1.277719259262085 176 0
1.3033905029296875 176 0
1.3292598724365234 176 0
1.3553462028503418 176 0
1.38224196434021 176 0
1.4077694416046143 176 0
1.433081865310669 176 0
1.4591975212097168 176 0
1.4853086471557617 176 0
1.512308120727539 176 0
1.537717342376709 176 0
1.5633563995361328 176 0
1.589289903640747 176 0
1.615349292755127 176 0
1.6422934532165527 176 0
1.6677663326263428 176 0
1.6930954456329346 176 0
1.7191901206970215 176 0
1.7451562881469727 176 0
1.7723839282989502 176 0
1.7978005409240723 176 0
1.8231847286224365 176 0
1.8492577075958252 176 0
1.8753890991210938 176 0
1.9022319316864014 176 0
1.9274682998657227 176 0
1.9533681869506836 176 0
1.979278802871704 176 0
2.0053107738494873 176 0
2.032202959060669 176 0
2.057435989379883 176 0
2.083069086074829 176 0
2.109029531478882 176 0
2.134904146194458 176 0
2.161802053451538 176 0
2.1866257190704346 176 0
2.2127883434295654 176 0
2.2386631965637207 176 0
2.2649519443511963 176 0
2.2898783683776855 176 0
2.3166897296905518 176 0
2.3423171043395996 176 0
2.36810564994812 176 0
2.393251895904541 176 0
2.4193403720855713 176 0
2.4453182220458984 176 0
2.472342014312744 176 0
2.4977126121520996 176 0
2.523360252380371 176 0
2.5492801666259766 176 0
2.5754051208496094 176 0
2.602276563644409 176 0
2.62787127494812 176 0
2.65317702293396 176 0
2.6792540550231934 176 0
2.7085611820220947 176 0
2.732356548309326 176 0
2.7577478885650635 176 0
2.783214807510376 176 0
2.8091869354248047 176 0
2.835839033126831 176 0
2.8623456954956055 176 0
2.887845516204834 176 0
2.913163423538208 176 0
2.939262866973877 176 0
2.965331792831421 176 0
2.9923410415649414 176 0
3.017764091491699 176 0
3.043212652206421 176 0
3.069291830062866 176 0
3.0954346656799316 176 0
3.1262283325195312 176 0
3.152618169784546 176 0
3.1780662536621094 176 0
3.2032220363616943 176 0
3.2292966842651367 176 0
3.255441665649414 176 0
3.2823991775512695 176 0
3.307760238647461 176 0
3.333240509033203 176 0
3.359217405319214 176 0
3.3854246139526367 176 0
3.412281036376953 176 0
3.437734842300415 176 0
3.463336706161499 176 0
3.4892733097076416 176 0
3.51548171043396 176 0
3.542309045791626 176 0
3.5677764415740967 176 0
3.593142509460449 176 0
3.6191420555114746 176 0
3.6450746059417725 176 0
3.6718502044677734 176 0
3.6966476440429688 176 0
3.7241199016571045 176 0
3.7488927841186523 176 0
3.7753331661224365 176 0
3.800126075744629 176 0
3.8268580436706543 176 0
3.8529975414276123 176 0
3.878892660140991 176 0
3.9045321941375732 176 0
3.9301035404205322 176 0
3.955906629562378 176 0
3.9823977947235107 176 0
4.007956266403198 176 0
4.033267974853516 176 0
4.059232711791992 176 0
4.085297346115112 176 0
4.112177848815918 176 0
4.1374993324279785 176 0
4.163309335708618 176 0
4.18937611579895 176 0
4.215491056442261 176 0
4.242368459701538 176 0
4.267725944519043 176 0
4.293174982070923 176 0
4.3192219734191895 176 0
4.3454320430755615 176 0
4.372310400009155 176 0
4.397852897644043 176 0
4.423142910003662 176 0
4.449220180511475 176 0
4.47536039352417 176 0
4.502349853515625 176 0
4.527781248092651 176 0
4.553195238113403 176 0
4.579171419143677 176 0
4.6052892208099365 176 0
4.632190704345703 176 0
4.657313585281372 176 0
4.683253765106201 176 0
4.709242343902588 176 0
4.735304832458496 176 0
4.762212038040161 176 0
4.78742527961731 176 0
4.813028573989868 176 0
4.839903831481934 176 0
4.864518165588379 176 0
4.891883134841919 176 0
4.916013240814209 176 0
4.943084716796875 176 0
4.968835115432739 176 0
4.994739294052124 176 0
5.021231412887573 176 0
5.0469489097595215 176 0
5.0727550983428955 176 0
5.098422288894653 176 0
5.124185085296631 176 0
5.149951219558716 176 0
5.175477504730225 176 0
5.202375411987305 176 0
5.227725028991699 176 0
5.253187894821167 176 0
5.2791736125946045 176 0
5.3053905963897705 176 0
5.332277297973633 176 0
5.357954740524292 176 0
5.383177280426025 176 0
5.409237384796143 176 0
5.4353859424591064 176 0
5.462374925613403 176 0
5.487972736358643 176 0
5.521922826766968 176 0
5.544788837432861 176 0
5.570096969604492 176 0
5.595777750015259 176 0
5.622348308563232 176 0
5.647716999053955 176 0
5.673076152801514 176 0
5.699068546295166 176 0
5.724912405014038 176 0
5.7522125244140625 176 0
5.777471542358398 176 0
5.804539918899536 176 0
5.8292624950408936 176 0
5.8565590381622314 176 0
5.882244825363159 176 0
5.907947778701782 176 0
5.933230876922607 176 0
5.959339380264282 176 0
5.9853270053863525 176 0
6.012334108352661 176 0
6.037713050842285 176 0
6.063358306884766 176 0
6.089266777038574 176 0
6.1154465675354 176 0
6.142343759536743 176 0
6.167855978012085 176 0
6.19314432144165 176 0
6.2192418575286865 176 0
6.245220184326172 176 0
6.272220611572266 176 0
6.297750234603882 176 0
6.323157072067261 176 0
6.349148988723755 176 0
6.375288963317871 176 0
6.402177095413208 176 0
6.428003787994385 176 0
6.453215599060059 176 0
6.479282379150391 176 0
6.505292177200317 176 0
6.5323052406311035 176 0
6.557718753814697 176 0
6.583360433578491 176 0
6.609282732009888 176 0
6.63535737991333 176 0
6.66221284866333 176 0
6.687424182891846 176 0
6.713278293609619 176 0
6.739250659942627 176 0
6.765355348587036 176 0
6.792214632034302 176 0
6.8174474239349365 176 0
6.844269752502441 176 0
6.870152711868286 176 0
6.895185470581055 176 0
6.922945022583008 176 0
6.948743104934692 176 0
6.9746410846710205 176 0
7.0000481605529785 176 0
7.025868654251099 176 0
7.052320957183838 176 0
7.077854871749878 176 0
7.103166341781616 176 0
7.129230737686157 176 0
7.155466556549072 176 0
7.182417869567871 176 0
7.207764148712158 176 0
7.233180999755859 176 0
7.259166717529297 176 0
7.285192012786865 176 0
7.312299966812134 176 0
7.337992906570435 176 0
7.363218307495117 176 0
7.3892762660980225 176 0
7.415356397628784 176 0
7.4423508644104 176 0
7.467769622802734 176 0
7.4932026863098145 176 0
7.523267984390259 176 0
7.549253225326538 176 0
7.575337171554565 176 0
7.602224826812744 176 0
7.627508878707886 176 0
7.653072357177734 176 0
7.679081678390503 176 0
7.7048423290252686 176 0
7.7328479290008545 176 0
7.757198095321655 176 0
7.784125328063965 176 0
7.80901026725769 176 0
7.835817813873291 176 0
7.860371351242065 176 0
7.886891841888428 176 0
7.9129040241241455 176 0
7.943143129348755 176 0
7.969132900238037 176 0
7.998804092407227 176 0
8.021437644958496 176 0
8.046424627304077 176 0
8.072736024856567 176 0
8.098408937454224 176 0
8.124035835266113 176 0
8.14942216873169 176 0
8.175484657287598 176 0
8.202372074127197 176 0
8.227749109268188 176 0
8.253180265426636 176 0
8.279165983200073 176 0
8.305175304412842 176 0
8.33236575126648 176 0
8.35795521736145 176 0
8.383186101913452 176 0
8.409251689910889 176 0
8.435356140136719 176 0
8.462743520736694 176 0
8.488390684127808 176 0
8.514007091522217 176 0
8.539353132247925 176 0
8.565293073654175 176 0
8.59220266342163 176 0
8.617303133010864 176 0
8.643268585205078 176 0
8.669251918792725 176 0
8.695212841033936 176 0
8.725784063339233 176 0
8.748416185379028 176 0
8.772951602935791 176 0
8.799860954284668 176 0
8.825282335281372 176 0
8.85232424736023 176 0
8.877714157104492 176 0
8.903353214263916 176 0
8.929284572601318 176 0
8.955511093139648 176 0
8.982319593429565 176 0
9.007832765579224 176 0
9.033228397369385 176 0
9.059316873550415 176 0
9.085305452346802 176 0
9.112318515777588 176 0
9.13785433769226 176 0
9.163247346878052 176 0
9.189205884933472 176 0
9.215427160263062 176 0
9.242317199707031 176 0
9.267831087112427 176 0
9.293144702911377 176 0
9.319227695465088 176 0
9.345349788665771 176 0
9.37234878540039 176 0
9.397729635238647 176 0
9.423173189163208 176 0
9.449158906936646 176 0
9.475186586380005 176 0
9.502079963684082 176 0
9.528414487838745 176 0
9.55423903465271 176 0
9.5797860622406 176 0
9.605297803878784 176 0
9.6322021484375 176 0
9.657402992248535 176 0
9.683062076568604 176 0
9.70905089378357 176 0
9.73495101928711 176 0
9.761512279510498 176 0
9.78643012046814 176 0
9.8139169216156 176 0
9.838382720947266 176 0
9.864686965942383 176 0
9.889896631240845 176 0
9.916691064834595 176 0
9.942437648773193 176 0
9.96806263923645 176 0
9.993223667144775 176 0
