0.006151676177978516 0 0
0.0334317684173584 1 8
0.058836936950683594 7 251
0.08429837226867676 19 462
0.11031937599182129 35 602
0.13684558868408203 52 681
0.16348600387573242 71 726
0.18909955024719238 90 751
0.21433234214782715 109 728
0.24044013023376465 127 671
0.2665233612060547 143 590
0.293532133102417 156 507
0.3189578056335449 167 421
0.3443434238433838 175 325
0.37037181854248047 181 224
0.3964259624481201 185 155
0.42336225509643555 187 95
0.4486048221588135 188 59
0.4742429256439209 188 59
0.5002341270446777 187 12
0.5262668132781982 187 0
0.5528366565704346 187 0
0.5780313014984131 186 -11
0.6040384769439697 186 -11
0.630589485168457 186 -7
0.6555790901184082 186 -7
0.6832082271575928 186 -3
0.7080376148223877 186 -3
0.7341866493225098 186 -3
0.7604379653930664 186 -3
0.7864930629730225 186 0
0.813809871673584 186 0
0.8392343521118164 186 0
0.8643872737884521 186 0
0.8904726505279541 186 0
0.9164953231811523 186 0
0.9435234069824219 186 0
0.9689180850982666 186 0
0.994387149810791 186 0
1.0203557014465332 186 0
1.047013282775879 186 0
1.0734803676605225 186 0
1.0991005897521973 186 0
1.1243393421173096 186 0
1.1504123210906982 186 0
1.1764001846313477 186 0
1.2033839225769043 186 0
1.2288196086883545 186 0
1.2543411254882812 186 0
1.2803120613098145 186 0
1.3065564632415771 186 0
1.3334534168243408 186 0
1.358903408050537 186 0
1.3842413425445557 186 0
1.411203384399414 186 0
1.4369995594024658 186 0
1.4634695053100586 186 0
1.4889702796936035 186 0
1.5142953395843506 186 0
1.5457115173339844 186 0
1.5668449401855469 186 0
1.5934603214263916 186 0
1.6188969612121582 186 0
1.6454627513885498 186 0
1.6702523231506348 186 0
1.6972665786743164 186 0
1.7226057052612305 186 0
1.7486071586608887 186 0
1.7739412784576416 186 0
1.8064947128295898 186 0
1.8292219638824463 186 0
1.8544931411743164 186 0
1.8805851936340332 186 0
1.9085700511932373 186 0
1.9503555297851562 186 0
1.9919679164886475 186 0
2.0138680934906006 186 0
2.03950834274292 186 0
2.06522798538208 186 0
2.090999126434326 186 0
2.1165006160736084 186 0
2.1434357166290283 186 0
2.169051170349121 186 0
2.1943109035491943 186 0
2.220400810241699 186 0
2.2468931674957275 186 0
2.2735259532928467 186 0
2.2989187240600586 186 0
2.3242580890655518 186 0
2.350339651107788 186 0
2.376509666442871 186 0
2.4034135341644287 186 0
2.4288556575775146 186 0
2.4542553424835205 186 0
2.480238914489746 186 0
2.506281614303589 186 0
2.532886028289795 186 0
2.558022975921631 186 0
2.5840768814086914 186 0
2.6109189987182617 186 0
2.6355905532836914 186 0
2.662891149520874 186 0
2.6870877742767334 186 0
2.7141060829162598 186 0
2.7399442195892334 186 0
2.7657787799835205 186 0
2.79299259185791 186 0
2.817828416824341 186 0
2.8439900875091553 186 0
2.8699212074279785 186 0
2.895599126815796 186 0
2.9212098121643066 186 0
2.9470057487487793 186 0
2.97357177734375 186 0
2.9990451335906982 186 0
3.024348735809326 186 0
3.0503602027893066 186 0
3.0764174461364746 186 0
3.1033527851104736 186 0
3.128851890563965 186 0
3.1543288230895996 186 0
3.1803953647613525 186 0
3.20652437210083 186 0
3.2335216999053955 186 0
3.258924722671509 186 0
3.2843406200408936 186 0
3.3103342056274414 186 0
3.3365542888641357 186 0
3.3634743690490723 186 0
3.38908314704895 186 0
3.4143290519714355 186 0
3.4404125213623047 186 0
3.466376543045044 186 0
3.493314027786255 186 0
3.5186076164245605 186 0
3.5442395210266113 186 0
3.570204019546509 186 0
3.5960826873779297 186 0
3.6228933334350586 186 0
3.647692918777466 186 0
3.673936128616333 186 0
3.6997592449188232 186 0
3.72541880607605 186 0
3.751222610473633 186 0
3.777981758117676 186 0
3.803544044494629 186 0
3.829759359359741 186 0
3.8542604446411133 186 0
3.8811802864074707 186 0
3.9069528579711914 186 0
3.9335944652557373 186 0
3.9592039585113525 186 0
3.98911190032959 186 0
4.013626575469971 186 0
4.039229154586792 186 0
4.066960573196411 186 0
4.093487977981567 186 0
4.12323260307312 186 0
4.14691162109375 186 0
4.173915386199951 186 0
4.199566602706909 186 0
4.2254509925842285 186 0
4.250563144683838 186 0
4.276585578918457 186 0
4.30346941947937 186 0
4.329074382781982 186 0
4.354405403137207 186 0
4.380487442016602 186 0
4.406895399093628 186 0
4.433525800704956 186 0
4.45897364616394 186 0
4.4843528270721436 186 0
4.51035737991333 186 0
4.536598205566406 186 0
4.563448667526245 186 0
4.5890960693359375 186 0
4.6143364906311035 186 0
4.640417814254761 186 0
4.666393995285034 186 0
4.693422555923462 186 0
4.718810796737671 186 0
4.744316816329956 186 0
4.7704017162323 186 0
4.796525239944458 186 0
4.823380708694458 186 0
4.848936080932617 186 0
4.874256610870361 186 0
4.900350332260132 186 0
4.926500082015991 186 0
4.953510284423828 186 0
4.979059219360352 186 0
5.004255533218384 186 0
5.030269384384155 186 0
5.056132793426514 186 0
5.082947015762329 186 0
5.107773780822754 186 0
5.133953809738159 186 0
5.160083770751953 186 0
5.187133073806763 186 0
5.211858749389648 186 0
5.23822283744812 186 0
5.264024257659912 186 0
5.2903077602386475 186 0
5.316457271575928 186 0
5.34351921081543 186 0
5.368963718414307 186 0
5.394388675689697 186 0
5.420355319976807 186 0
5.446855783462524 186 0
5.473475933074951 186 0
5.499120235443115 186 0
5.5243284702301025 186 0
5.550413131713867 186 0
5.5766072273254395 186 0
5.603599786758423 186 0
5.629052639007568 186 0
5.654386758804321 186 0
5.680368185043335 186 0
5.706593751907349 186 0
5.733445882797241 186 0
5.759088754653931 186 0
5.784327745437622 186 0
5.81041955947876 186 0
5.836484909057617 186 0
5.8635094165802 186 0
5.888923645019531 186 0
5.914348363876343 186 0
5.9403417110443115 186 0
5.967281818389893 186 0
5.99371600151062 186 0
6.019123077392578 186 0
6.044337749481201 186 0
6.0705180168151855 186 0
6.096498966217041 186 0
6.12340784072876 186 0
6.154149055480957 186 0
6.175750017166138 186 0
6.203362941741943 186 0
6.227180242538452 186 0
6.254345178604126 186 0
6.280329942703247 186 0
6.307023763656616 186 0
6.333493947982788 186 0
6.362982511520386 186 0
6.3879547119140625 186 0
6.414161682128906 186 0
6.439961910247803 186 0
6.465694904327393 186 0
6.492357015609741 186 0
6.5173444747924805 186 0
6.543739318847656 186 0
6.569218635559082 186 0
6.594393491744995 186 0
6.620480298995972 186 0
6.64646577835083 186 0
6.673494815826416 186 0
6.698895454406738 186 0
6.724363565444946 186 0
6.750365257263184 186 0
6.777014255523682 186 0
6.80353045463562 186 0
6.82951021194458 186 0
6.85504412651062 186 0
6.8813464641571045 186 0
6.907119989395142 186 0
6.933523416519165 186 0
6.958959579467773 186 0
6.98427152633667 186 0
7.010271787643433 186 0
7.036211967468262 186 0
7.063039302825928 186 0
7.087838649749756 186 0
7.114000558853149 186 0
7.140098333358765 186 0
7.1670451164245605 186 0
7.1913793087005615 186 0
7.218111515045166 186 0
7.24351692199707 186 0
7.269595623016357 186 0
7.295221567153931 186 0
7.321150064468384 186 0
7.346920728683472 186 0
7.3738696575164795 186 0
7.398971319198608 186 0
7.42438268661499 186 0
7.450352668762207 186 0
7.476587533950806 186 0
7.50346827507019 186 0
7.529094696044922 186 0
7.55431866645813 186 0
7.580424070358276 186 0
7.60639214515686 186 0
7.633402347564697 186 0
7.65882420539856 186 0
7.684338569641113 186 0
7.710333347320557 186 0
7.7365570068359375 186 0
7.763457536697388 186 0
7.789057016372681 186 0
7.814299583435059 186 0
7.840388298034668 186 0
7.866522789001465 186 0
7.893524408340454 186 0
7.919052600860596 186 0
7.944348573684692 186 0
7.9704270362854 186 0
7.996466875076294 186 0
8.023364067077637 186 0
8.048561334609985 186 0
8.074265718460083 186 0
8.100293397903442 186 0
8.126384735107422 186 0
8.1526038646698 186 0
8.177701950073242 186 0
8.203924655914307 186 0
8.229564189910889 186 0
8.25537896156311 186 0
8.28101658821106 186 0
8.306909561157227 186 0
8.334196329116821 186 0
8.35893201828003 186 0
8.38548469543457 186 0
8.410012483596802 186 0
8.43647575378418 186 0
8.46124267578125 186 0
8.487825632095337 186 0
8.513980627059937 186 0
8.53990650177002 186 0
8.565587282180786 186 0
8.591200828552246 186 0
8.61699628829956 186 0
8.643558263778687 186 0
8.669061660766602 186 0
8.694414138793945 186 0
8.72039794921875 186 0
8.7464439868927 186 0
8.773478031158447 186 0
8.799078702926636 186 0
8.824318408966064 186 0
8.850410461425781 186 0
8.876492023468018 186 0
8.903499126434326 186 0
8.928945541381836 186 0
8.954492092132568 186 0
8.980359554290771 186 0
9.006584405899048 186 0
9.033472776412964 186 0
9.059085369110107 186 0
9.08431100845337 186 0
9.110412836074829 186 0
9.136502504348755 186 0
9.163503170013428 186 0
9.188943147659302 186 0
9.215222835540771 186 0
9.241082668304443 186 0
9.266892910003662 186 0
9.293494939804077 186 0
9.318922996520996 186 0
9.34424114227295 186 0
9.370235681533813 186 0
9.396024465560913 186 0
9.422354936599731 186 0
9.447331428527832 186 0
9.474086046218872 186 0
9.501026391983032 186 0
9.52581238746643 186 0
9.55380916595459 186 0
9.578043699264526 186 0
9.60499119758606 186 0
9.630503177642822 186 0
9.656843900680542 186 0
9.68348240852356 186 0
9.70908498764038 186 0
9.734325170516968 186 0
9.760422468185425 186 0
9.786545753479004 186 0
9.819669485092163 186 0
9.845676898956299 186 0
9.871161460876465 186 0
9.901108503341675 186 0
9.951273441314697 186 0
10.0000479221344 186 0
