0.0058917999267578125 0 0
0.032003164291381836 1 7
0.05786442756652832 8 260
0.08489179611206055 19 476
0.1103055477142334 35 596
0.13590598106384277 52 683
0.16178536415100098 71 726
0.1884312629699707 91 766
0.21502161026000977 111 776
0.24060869216918945 131 755
0.2658252716064453 149 667
0.2919003963470459 163 526
0.3179035186767578 173 397
0.34496331214904785 180 248
0.370358943939209 183 148
0.39579200744628906 185 84
0.4217569828033447 185 84
0.44775843620300293 183 -14
0.4746525287628174 183 -27
0.4996216297149658 182 -27
0.5256340503692627 182 -27
0.5514390468597412 183 -9
0.577103853225708 183 -9
0.6026546955108643 183 -3
0.6284329891204834 183 -3
0.654895544052124 183 0
0.6803469657897949 183 0
0.7056636810302734 183 2
0.7316572666168213 183 2
0.757610559463501 183 0
0.7848465442657471 183 0
0.8088231086730957 183 0
0.8358826637268066 183 0
0.8605668544769287 183 0
0.8869574069976807 183 0
0.9117879867553711 183 0
0.9383955001831055 183 0
0.9648871421813965 183 0
0.990576982498169 183 0
1.0158565044403076 183 0
1.0419268608093262 183 0
1.0679233074188232 183 0
1.0949177742004395 183 0
1.1203362941741943 183 0
1.1457462310791016 183 0
1.1717681884765625 183 0
1.197828769683838 183 0
1.224766731262207 183 0
1.2502837181091309 183 0
1.2756824493408203 183 0
1.3017773628234863 183 0
1.3278834819793701 183 0
1.3548762798309326 183 0
1.3802895545959473 183 0
1.4057390689849854 183 0
1.4318170547485352 183 0
1.457871675491333 183 0
1.484778642654419 183 0
1.5103793144226074 183 0
1.5357086658477783 183 0
1.5617997646331787 183 0
1.5877718925476074 183 0
1.6147878170013428 183 0
1.6400115489959717 183 0
1.6656463146209717 183 0
1.691645622253418 183 0
1.7175099849700928 183 0
1.7442700862884521 183 0
1.7691173553466797 183 0
1.7953364849090576 183 0
1.8210394382476807 183 0
1.8466517925262451 183 0
1.8720040321350098 183 0
1.897857904434204 183 0
1.92476487159729 183 0
1.9500014781951904 183 0
1.9767351150512695 183 0
2.0024569034576416 183 0
2.027216911315918 183 0
2.055187225341797 183 0
2.0805063247680664 183 0
2.10583758354187 183 0
2.1318016052246094 183 0
2.157872438430786 183 0
2.184788465499878 183 0
2.210317611694336 183 0
2.235659599304199 183 0
2.261761426925659 183 0
2.288029670715332 183 0
2.314984083175659 183 0
2.340350866317749 183 0
2.3657772541046143 183 0
2.3917641639709473 183 0
2.41799259185791 183 0
2.4448654651641846 183 0
2.4704887866973877 183 0
2.495741605758667 183 0
2.5218257904052734 183 0
2.54783034324646 183 0
2.5748603343963623 183 0
2.6002731323242188 183 0
2.6257221698760986 183 0
2.651719093322754 183 0
2.6780245304107666 183 0
2.7048795223236084 183 0
2.730526924133301 183 0
2.755748987197876 183 0
2.781850814819336 183 0
2.80785870552063 183 0
2.8347854614257812 183 0
2.8599865436553955 183 0
2.8856282234191895 183 0
2.91162109375 183 0
2.937480926513672 183 0
2.964299201965332 183 0
2.9891865253448486 183 0
3.0153615474700928 183 0
3.0412142276763916 183 0
3.0677943229675293 183 0
3.0924651622772217 183 0
3.1191282272338867 183 0
3.144943952560425 183 0
3.1749446392059326 183 0
3.195786237716675 183 0
3.2219011783599854 183 0
3.2484254837036133 183 0
3.2749698162078857 183 0
3.3003475666046143 183 0
3.325819253921509 183 0
3.3519153594970703 183 0
3.378018617630005 183 0
3.4049174785614014 183 0
3.4304981231689453 183 0
3.4557435512542725 183 0
3.48183536529541 183 0
3.5078115463256836 183 0
3.5348384380340576 183 0
3.56024432182312 183 0
3.5857415199279785 183 0
3.6117475032806396 183 0
3.6380410194396973 183 0
3.6648709774017334 183 0
3.6903045177459717 183 0
3.7156641483306885 183 0
3.7417166233062744 183 0
3.7677249908447266 183 0
3.7946360111236572 183 0
3.824896812438965 183 0
3.845496892929077 183 0
3.8713440895080566 183 0
3.897067070007324 183 0
3.9234049320220947 183 0
3.94863224029541 183 0
3.9808242321014404 183 0
4.012706279754639 183 0
4.03587794303894 183 0
4.061969518661499 183 0
4.08861780166626 183 0
4.115169048309326 183 0
4.165508031845093 183 0
4.21073579788208 183 0
4.234012126922607 183 0
4.259345769882202 183 0
4.2855401039123535 183 0
4.31138014793396 183 0
4.337095499038696 183 0
4.363874673843384 183 0
4.388714790344238 183 0
4.4151551723480225 183 0
4.440563917160034 183 0
4.4657697677612305 183 0
4.491848707199097 183 0
4.51786994934082 183 0
4.544873952865601 183 0
4.570325613021851 183 0
4.595768213272095 183 0
4.6258885860443115 183 0
4.648350238800049 183 0
4.674885034561157 183 0
4.700537443161011 183 0
4.725754022598267 183 0
4.751843452453613 183 0
4.77784538269043 183 0
4.804870128631592 183 0
4.8302881717681885 183 0
4.85575270652771 183 0
4.881739139556885 183 0
4.9080188274383545 183 0
4.934872627258301 183 0
4.960893392562866 183 0
4.986604928970337 183 0
5.012012243270874 183 0
5.0382771492004395 183 0
5.064896583557129 183 0
5.0902955532073975 183 0
5.1156604290008545 183 0
5.141673564910889 183 0
5.167728900909424 183 0
5.194261312484741 183 0
5.218800783157349 183 0
5.245200157165527 183 0
5.270542144775391 183 0
5.295787811279297 183 0
5.321763038635254 183 0
5.348990440368652 183 0
5.37477445602417 183 0
5.400820970535278 183 0
5.4294445514678955 183 0
5.455529689788818 183 0
5.48138427734375 183 0
5.507223129272461 183 0
5.534439563751221 183 0
5.559678554534912 183 0
5.585623502731323 183 0
5.611482620239258 183 0
5.63728141784668 183 0
5.664538621902466 183 0
5.689659357070923 183 0
5.715720176696777 183 0
5.741743326187134 183 0
5.768398284912109 183 0
5.794885158538818 183 0
5.82047963142395 183 0
5.845729351043701 183 0
5.871835947036743 183 0
5.8978517055511475 183 0
5.924903154373169 183 0
5.950350284576416 183 0
5.976769685745239 183 0
6.001640558242798 183 0
6.027521133422852 183 0
6.054308891296387 183 0
6.079180955886841 183 0
6.105360746383667 183 0
6.131225824356079 183 0
6.1569342613220215 183 0
6.182448625564575 183 0
6.207985162734985 183 0
6.234980583190918 183 0
6.2611472606658936 183 0
6.285737991333008 183 0
6.312782526016235 183 0
6.337770223617554 183 0
6.365318775177002 183 0
6.390959978103638 183 0
6.416626453399658 183 0
6.442488431930542 183 0
6.468027353286743 183 0
6.494885444641113 183 0
6.5205161571502686 183 0
6.545746564865112 183 0
6.5718419551849365 183 0
6.597806930541992 183 0
6.624845027923584 183 0
6.65024995803833 183 0
6.6757519245147705 183 0
6.7017433643341064 183 0
6.727933406829834 183 0
6.754844427108765 183 0
6.780378103256226 183 0
6.805706739425659 183 0
6.831804037094116 183 0
6.857780933380127 183 0
6.884799480438232 183 0
6.910037517547607 183 0
6.935740232467651 183 0
6.961733102798462 183 0
6.987789869308472 183 0
7.01474404335022 183 0
7.040032148361206 183 0
7.0656421184539795 183 0
7.091745138168335 183 0
7.117884635925293 183 0
7.14480447769165 183 0
7.170032024383545 183 0
7.195655584335327 183 0
7.221653938293457 183 0
7.24766206741333 183 0
7.273928880691528 183 0
7.298733711242676 183 0
7.325143337249756 183 0
7.350968837738037 183 0
7.375747919082642 183 0
7.401758193969727 183 0
7.432831764221191 183 0
7.454850673675537 183 0
7.481085538864136 183 0
7.50561785697937 183 0
7.5323591232299805 183 0
7.557874441146851 183 0
7.584919691085815 183 0
7.6103620529174805 183 0
7.635784864425659 183 0
7.6617677211761475 183 0
7.688402414321899 183 0
7.714890480041504 183 0
7.7404866218566895 183 0
7.765730619430542 183 0
7.7918219566345215 183 0
7.817802429199219 183 0
7.844831228256226 183 0
7.870278835296631 183 0
7.8957579135894775 183 0
7.921749830245972 183 0
7.947799921035767 183 0
7.975444078445435 183 0
8.000234127044678 183 0
8.025652408599854 183 0
8.05174732208252 183 0
8.07788872718811 183 0
8.104924201965332 183 0
8.13260531425476 183 0
8.161756992340088 183 0
8.187828540802002 183 0
8.214868545532227 183 0
8.240392446517944 183 0
8.265714406967163 183 0
8.29179859161377 183 0
8.3178231716156 183 0
8.344778537750244 183 0
8.369929552078247 183 0
8.395555973052979 183 0
8.421397924423218 183 0
8.447192907333374 183 0
8.474503517150879 183 0
8.499388456344604 183 0
8.525405883789062 183 0
8.551488637924194 183 0
8.578022480010986 183 0
8.60274076461792 183 0
8.629587888717651 183 0
8.655020236968994 183 0
8.681082725524902 183 0
8.706787347793579 183 0
8.732339143753052 183 0
8.757863283157349 183 0
8.78499174118042 183 0
8.810368061065674 183 0
8.83579421043396 183 0
8.861770629882812 183 0
8.88840913772583 183 0
8.914893388748169 183 0
8.940496444702148 183 0
8.965747356414795 183 0
8.99187159538269 183 0
9.017877101898193 183 0
9.044875383377075 183 0
9.070319890975952 183 0
9.095763683319092 183 0
9.121750354766846 183 0
9.147907018661499 183 0
9.174915552139282 183 0
9.200508832931519 183 0
9.225738048553467 183 0
9.251837015151978 183 0
9.277912378311157 183 0
9.304925918579102 183 0
9.33034372329712 183 0
9.355747938156128 183 0
9.38175368309021 183 0
9.407822608947754 183 0
9.43842625617981 183 0
9.459972620010376 183 0
9.485592126846313 183 0
9.511415481567383 183 0
9.537107467651367 183 0
9.562657356262207 183 0
9.588435173034668 183 0
9.614895105361938 183 0
9.640307426452637 183 0
9.665674686431885 183 0
9.691682577133179 183 0
9.717527151107788 183 0
9.745070934295654 183 0
9.769171714782715 183 0
9.796549558639526 183 0
9.821457624435425 183 0
9.848364353179932 183 0
9.87491250038147 183 0
9.900532484054565 183 0
9.92575216293335 183 0
9.951852321624756 183 0
9.977971315383911 183 0
