0.006003618240356445 0 0
0.037061214447021484 2 52
0.06308245658874512 9 278
0.08892679214477539 20 494
0.1147456169128418 36 613
0.1414353847503662 55 681
0.1664276123046875 72 727
0.19282150268554688 92 763
0.2184908390045166 113 789
0.24448895454406738 134 806
0.271467924118042 156 783
0.2965099811553955 173 710
0.3227519989013672 188 559
0.34862399101257324 199 425
0.3744347095489502 206 252
0.3999152183532715 208 150
0.42539167404174805 208 0
0.4523885250091553 204 -116
0.4778175354003906 199 -194
0.5031728744506836 194 -205
0.5302596092224121 188 -189
0.5552549362182617 184 -159
0.5827827453613281 182 -121
0.6084063053131104 180 -76
0.6342017650604248 178 -53
0.6594440937042236 178 -39
0.6858241558074951 178 -14
0.7123265266418457 178 -14
0.737983226776123 178 -4
0.7632064819335938 179 4
0.7893123626708984 178 3
0.8153152465820312 178 3
0.842339277267456 178 0
0.8678011894226074 178 0
0.89324951171875 178 0
0.919226884841919 178 0
0.945321798324585 178 -2
0.9722435474395752 178 0
0.9978234767913818 178 0
1.0231578350067139 178 0
1.049260139465332 178 0
1.0752878189086914 178 0
1.102334976196289 178 0
1.1279292106628418 178 0
1.1532678604125977 178 0
1.1792707443237305 178 0
1.2053442001342773 178 0
1.2322804927825928 178 0
1.2577228546142578 178 0
1.2831552028656006 178 0
1.3099117279052734 178 0
1.3353345394134521 178 0
1.3622527122497559 178 0
1.3876898288726807 178 0
1.4131290912628174 178 0
1.4391534328460693 178 0
1.4653167724609375 178 0
1.4922094345092773 178 0
1.5174460411071777 178 0
1.5430891513824463 178 0
1.5691382884979248 178 0
1.596451997756958 178 0
1.6222147941589355 178 0
1.6481523513793945 178 0
1.673295259475708 178 0
1.6993632316589355 178 0
1.7253601551055908 178 0
1.7523736953735352 178 0
1.777921199798584 178 0
1.803255558013916 178 0
1.829268217086792 178 0
1.8553438186645508 178 0
1.8822669982910156 178 0
1.9078090190887451 178 0
1.9331445693969727 178 0
1.9592583179473877 178 0
1.9853131771087646 178 0
2.012356996536255 178 0
2.041816234588623 178 0
2.066164493560791 178 0
2.0925843715667725 178 0
2.1180574893951416 178 0
2.1484556198120117 178 0
2.174128770828247 178 0
2.199822187423706 178 0
2.2279670238494873 178 0
2.252713441848755 178 0
2.3049042224884033 178 0
2.364884614944458 178 0
2.402573823928833 178 0
2.4264440536499023 178 0
2.452867269515991 178 0
2.478743553161621 178 0
2.5044379234313965 178 0
2.530076503753662 178 0
2.556028366088867 178 0
2.582533359527588 178 0
2.607948064804077 178 0
2.6332669258117676 178 0
2.6592628955841064 178 0
2.6853482723236084 178 0
2.712277412414551 178 0
2.7378246784210205 178 0
2.7631587982177734 178 0
2.789304494857788 178 0
2.815249443054199 178 0
2.842742443084717 178 0
2.868398904800415 178 0
2.8942904472351074 178 0
2.9198994636535645 178 0
2.945335865020752 178 0
2.9722938537597656 178 0
2.9977102279663086 178 0
3.0230586528778076 178 0
3.049079418182373 178 0
3.0748839378356934 178 0
3.101196527481079 178 0
3.1261465549468994 178 0
3.1529135704040527 178 0
3.1797895431518555 178 0
3.204587936401367 178 0
3.2321906089782715 178 0
3.2601635456085205 178 0
3.2859792709350586 178 0
3.312397003173828 178 0
3.3380255699157715 178 0
3.3632171154022217 178 0
3.389317512512207 178 0
3.415339469909668 178 0
3.4423606395721436 178 0
3.4677813053131104 178 0
3.493199348449707 178 0
3.5192081928253174 178 0
3.545449733734131 178 0
3.572310209274292 178 0
3.597949266433716 178 0
3.6231942176818848 178 0
3.649286985397339 178 0
3.6753015518188477 178 0
3.7023465633392334 178 0
3.7277474403381348 178 0
3.7531862258911133 178 0
3.779183864593506 178 0
3.8058359622955322 178 0
3.832331895828247 178 0
3.8583576679229736 178 0
3.8840975761413574 178 0
3.9097793102264404 178 0
3.9353103637695312 178 0
3.962224006652832 178 0
3.987734794616699 178 0
4.01307487487793 178 0
4.049188852310181 178 0
4.068784713745117 178 0
4.0951104164123535 178 0
4.12143087387085 178 0
4.146511554718018 178 0
4.1727659702301025 178 0
4.198492050170898 178 0
4.224223613739014 178 0
4.249812602996826 178 0
4.275333642959595 178 0
4.302346706390381 178 0
4.327794790267944 178 0
4.353222846984863 178 0
4.379225730895996 178 0
4.4058403968811035 178 0
4.432351112365723 178 0
4.45795464515686 178 0
4.483203411102295 178 0
4.509304046630859 178 0
4.535332202911377 178 0
4.562345504760742 178 0
4.587800025939941 178 0
4.6132142543792725 178 0
4.639199495315552 178 0
4.665438175201416 178 0
4.69230842590332 178 0
4.7179412841796875 178 0
4.7431960105896 178 0
4.769297361373901 178 0
4.795302391052246 178 0
4.82233738899231 178 0
4.8479766845703125 178 0
4.873210191726685 178 0
4.89920449256897 178 0
4.925268650054932 178 0
4.952253818511963 178 0
4.977461576461792 178 0
5.003050088882446 178 0
5.029062032699585 178 0
5.054863214492798 178 0
5.080817937850952 178 0
5.106077194213867 178 0
5.132959842681885 178 0
5.159879207611084 178 0
5.184628963470459 178 0
5.21238112449646 178 0
5.237799406051636 178 0
5.26335883140564 178 0
5.289287090301514 178 0
5.315461158752441 178 0
5.342314004898071 178 0
5.367969751358032 178 0
5.3932037353515625 178 0
5.419293165206909 178 0
5.445292949676514 178 0
5.4723334312438965 178 0
5.497759819030762 178 0
5.5231969356536865 178 0
5.549205541610718 178 0
5.575438022613525 178 0
5.602311134338379 178 0
5.627954959869385 178 0
5.653259515762329 178 0
5.679358959197998 178 0
5.705324649810791 178 0
5.732351779937744 178 0
5.757797956466675 178 0
5.783196687698364 178 0
5.809213638305664 178 0
5.8354504108428955 178 0
5.862327814102173 178 0
5.888301849365234 178 0
5.913867712020874 178 0
5.9402031898498535 178 0
5.966044902801514 178 0
5.9928367137908936 178 0
6.018666505813599 178 0
6.044363975524902 178 0
6.069957733154297 178 0
6.095874309539795 178 0
6.124213218688965 178 0
6.147814512252808 178 0
6.1731345653533936 178 0
6.199165344238281 178 0
6.226423978805542 178 0
6.252248287200928 178 0
6.2780961990356445 178 0
6.303294897079468 178 0
6.329373598098755 178 0
6.355373859405518 178 0
6.382380723953247 178 0
6.407817602157593 178 0
6.433248281478882 178 0
6.459338426589966 178 0
6.4854559898376465 178 0
6.512304067611694 178 0
6.537943124771118 178 0
6.563176870346069 178 0
6.589297771453857 178 0
6.615342140197754 178 0
6.642352819442749 178 0
6.667768955230713 178 0
6.693992614746094 178 0
6.719192266464233 178 0
6.745849132537842 178 0
6.772336006164551 178 0
6.797982215881348 178 0
6.823217868804932 178 0
6.8540568351745605 178 0
6.875458717346191 178 0
6.9024083614349365 178 0
6.9279115200042725 179 3
6.954113721847534 179 3
6.979427814483643 179 3
7.005304574966431 179 8
7.032238483428955 179 8
7.057671308517456 180 13
7.083065748214722 180 13
7.109090805053711 180 6
7.134939670562744 180 6
7.161243200302124 180 6
7.186108350753784 180 2
7.212863445281982 180 2
7.239453554153442 180 0
7.264586687088013 180 0
7.2946717739105225 180 0
7.316413879394531 180 0
7.342918395996094 180 0
7.368880987167358 180 0
7.39826512336731 180 0
7.423910856246948 180 0
7.449402570724487 180 0
7.475418329238892 180 0
7.502396821975708 180 0
7.527918100357056 180 0
7.553228378295898 180 0
7.579216003417969 180 0
7.605440378189087 180 0
7.632300615310669 180 0
7.657939910888672 180 0
7.683185338973999 180 0
7.709198951721191 180 0
7.735348701477051 180 0
7.762250900268555 180 0
7.787716388702393 180 0
7.813071250915527 180 0
7.839123249053955 180 0
7.8660197257995605 180 0
7.893186807632446 180 0
7.917808294296265 180 0
7.944473505020142 180 0
7.969171762466431 180 0
7.996211767196655 180 0
8.022618770599365 180 0
8.048124551773071 180 0
8.073278427124023 180 0
8.099355936050415 180 0
8.125822067260742 180 0
8.152378797531128 180 0
8.177769899368286 180 0
8.203219413757324 180 0
8.229221105575562 180 0
8.255381345748901 180 0
8.282289981842041 180 0
8.307827711105347 180 0
8.333174705505371 180 0
8.359270334243774 180 0
8.385292768478394 180 0
8.412338495254517 180 0
8.437738180160522 180 0
8.463175773620605 180 0
8.489173889160156 180 0
8.515432834625244 180 0
8.542292594909668 180 0
8.567910432815552 180 0
8.593174695968628 180 0
8.619285583496094 180 0
8.645314693450928 180 0
8.672336101531982 180 0
8.697763204574585 180 0
8.723125457763672 180 0
8.749128341674805 180 0
8.775182485580444 180 0
8.802128791809082 180 0
8.827236890792847 180 0
8.85313606262207 180 0
8.879140853881836 180 0
8.905434846878052 180 0
8.932324171066284 180 0
8.958542585372925 180 0
8.983073472976685 180 0
9.010107040405273 180 0
9.035032033920288 180 0
9.0622718334198 180 0
9.08815050125122 180 0
9.113274335861206 180 0
9.139370679855347 180 0
9.167467832565308 180 0
9.19293761253357 180 0
9.218864440917969 180 0
9.244690895080566 180 0
9.2719407081604 180 0
9.297068119049072 180 0
9.32311487197876 180 0
9.349118947982788 180 0
9.375290393829346 180 0
9.402193069458008 180 0
9.427748203277588 180 0
9.453083515167236 180 0
9.479197263717651 180 0
9.505711793899536 180 0
9.532354831695557 180 0
9.557780265808105 180 0
9.58321738243103 180 0
9.609231233596802 180 0
9.635716676712036 180 0
9.662615776062012 180 0
9.688013315200806 180 0
9.713221788406372 180 0
9.739224910736084 180 0
9.765440225601196 180 0
9.792335271835327 180 0
9.817765474319458 180 0
9.84312891960144 180 0
9.869154930114746 180 0
9.895395755767822 180 0
9.923009634017944 180 0
9.947742462158203 180 0
9.97426462173462 180 0
9.999135255813599 180 0
