0.006011486053466797 0 0
0.033011674880981445 1 16
0.05864834785461426 8 288
0.0838320255279541 20 472
0.10994672775268555 35 599
0.1359577178955078 52 684
0.16297507286071777 71 736
0.18839025497436523 91 770
0.21384763717651367 112 790
0.23986363410949707 133 806
0.2659144401550293 153 791
0.29288411140441895 172 694
0.31830787658691406 187 579
0.3436596393585205 198 419
0.36969757080078125 205 233
0.3954765796661377 207 132
0.4258158206939697 205 -58
0.4467322826385498 202 -146
0.47353029251098633 196 -199
0.49939584732055664 191 -208
0.5253243446350098 186 -191
0.5519931316375732 182 -156
0.5767827033996582 179 -118
0.6039512157440186 178 -82
0.6286041736602783 177 -49
0.65494704246521 177 -49
0.6798434257507324 177 -5
0.7068142890930176 177 -5
0.7331874370574951 178 4
0.7586708068847656 178 4
0.7838609218597412 178 6
0.8099520206451416 178 6
0.8363981246948242 178 6
0.8630049228668213 178 6
0.8883988857269287 178 2
0.9138426780700684 178 2
0.939812183380127 178 0
0.9659097194671631 178 0
0.9929077625274658 178 0
1.0185160636901855 178 0
1.043776035308838 178 0
1.069892168045044 178 0
1.0959162712097168 178 0
1.1229326725006104 178 0
1.1483755111694336 178 0
1.1738121509552002 178 0
1.1998159885406494 178 0
1.2297039031982422 178 0
1.2558236122131348 178 0
1.2827541828155518 178 0
1.3079731464385986 178 0
1.3336219787597656 178 0
1.3594062328338623 178 0
1.3852391242980957 178 0
1.4125921726226807 178 0
1.4374539852142334 178 0
1.4634709358215332 178 0
1.4895925521850586 178 0
1.5153083801269531 178 0
1.540865421295166 178 0
1.5674703121185303 178 0
1.5929672718048096 178 0
1.6192100048065186 178 0
1.6437458992004395 178 0
1.6706502437591553 178 0
1.6963775157928467 178 0
1.723034381866455 178 0
1.7485406398773193 178 0
1.7738475799560547 178 0
1.7998504638671875 178 0
1.8259358406066895 178 0
1.852844476699829 178 0
1.878401517868042 178 0
1.9037258625030518 178 0
1.929828405380249 178 0
1.9558160305023193 178 0
1.9828622341156006 178 0
2.008310317993164 178 0
2.033761978149414 178 0
2.059772253036499 178 0
2.0864219665527344 178 0
2.112924098968506 178 0
2.1385157108306885 178 0
2.1637957096099854 178 0
2.1898953914642334 178 0
2.215930223464966 178 0
2.24294114112854 178 0
2.26849102973938 178 0
2.2938246726989746 178 0
2.319822311401367 178 0
2.345872640609741 178 0
2.372809648513794 178 0
2.3980398178100586 178 0
2.4236700534820557 178 0
2.4496748447418213 178 0
2.4754648208618164 178 0
2.5018274784088135 178 0
2.526677370071411 178 0
2.5531599521636963 178 0
2.578575372695923 178 0
2.603816509246826 178 0
2.6298177242279053 178 0
2.655921459197998 178 0
2.6828224658966064 178 0
2.708259105682373 178 0
2.7348835468292236 178 0
2.7597150802612305 178 0
2.7867424488067627 178 0
2.8126769065856934 178 0
2.8383820056915283 178 0
2.86370587348938 178 0
2.8898372650146484 178 0
2.915872812271118 178 0
2.9429516792297363 178 0
2.9683454036712646 178 0
2.993778944015503 178 0
3.0197949409484863 178 0
3.0464351177215576 178 0
3.0729260444641113 178 0
3.098543643951416 178 0
3.1237735748291016 178 0
3.1498844623565674 178 0
3.175997257232666 178 0
3.2029945850372314 178 0
3.228501081466675 178 0
3.2538387775421143 178 0
3.2798287868499756 178 0
3.3059098720550537 178 0
3.3327975273132324 178 0
3.3583855628967285 178 0
3.383718729019165 178 0
3.409839391708374 178 0
3.4359312057495117 178 0
3.462967872619629 178 0
3.488370895385742 178 0
3.5146420001983643 178 0
3.5399911403656006 178 0
3.565929889678955 178 0
3.592860460281372 178 0
3.6183197498321533 178 0
3.643756866455078 178 0
3.67073917388916 178 0
3.6965067386627197 178 0
3.7229397296905518 178 0
3.748368978500366 178 0
3.7737317085266113 178 0
3.8008131980895996 178 0
3.8263232707977295 178 0
3.853257417678833 178 0
3.878584623336792 178 0
3.9039533138275146 178 0
3.929861545562744 178 0
3.955955743789673 178 0
3.9828763008117676 178 0
4.008502721786499 178 0
4.03748345375061 178 0
4.063554286956787 178 0
4.089410066604614 178 0
4.115160942077637 178 0
4.141876220703125 178 0
4.166821479797363 178 0
4.193190813064575 178 0
4.218643665313721 178 0
4.243832111358643 178 0
4.269935607910156 178 0
4.2959511280059814 178 0
4.322967290878296 178 0
4.3483827114105225 178 0
4.373822450637817 178 0
4.399808883666992 178 0
4.4260032176971436 178 0
4.452954292297363 178 0
4.4783642292022705 178 0
4.503752708435059 178 0
4.529767990112305 178 0
4.555918216705322 178 0
4.582843065261841 178 0
4.608283996582031 178 0
4.633667945861816 178 0
4.659681797027588 178 0
4.685613632202148 178 0
4.712421417236328 178 0
4.7372822761535645 178 0
4.764553546905518 178 0
4.789521932601929 178 0
4.816491603851318 178 0
4.841873407363892 178 0
4.867757081985474 178 0
4.893645286560059 178 0
4.9197564125061035 178 0
4.945917129516602 178 0
4.972943067550659 178 0
4.998384237289429 178 0
5.0239362716674805 178 0
5.050000429153442 178 0
5.0762858390808105 178 0
5.103003263473511 178 0
5.128392934799194 178 0
5.153728008270264 178 0
5.1797990798950195 178 0
5.205981254577637 178 0
5.232861518859863 178 0
5.258316993713379 178 0
5.283681392669678 178 0
5.309708595275879 178 0
5.335597276687622 178 0
5.362409591674805 178 0
5.387265682220459 178 0
5.413416147232056 178 0
5.439512014389038 178 0
5.466449737548828 178 0
5.4917848110198975 178 0
5.517646312713623 178 0
5.543436288833618 178 0
5.569411039352417 178 0
5.595097780227661 178 0
5.621849775314331 178 0
5.6467444896698 178 0
5.673264265060425 178 0
5.698592185974121 178 0
5.723904609680176 178 0
5.749860048294067 178 0
5.775949716567993 178 0
5.802866697311401 178 0
5.828399181365967 178 0
5.853731393814087 178 0
5.879844427108765 178 0
5.9058678150177 178 0
5.932908058166504 178 0
5.958354949951172 178 0
5.983920574188232 178 0
6.009791612625122 178 0
6.036041259765625 178 0
6.06293249130249 178 0
6.088513612747192 178 0
6.113777160644531 178 0
6.139867067337036 178 0
6.166414976119995 178 0
6.192969799041748 178 0
6.218398809432983 178 0
6.243801832199097 178 0
6.269815444946289 178 0
6.296752452850342 178 0
6.3231871128082275 178 0
6.348606109619141 178 0
6.373826742172241 178 0
6.399855852127075 178 0
6.425833702087402 178 0
6.452868938446045 178 0
6.478326797485352 178 0
6.503689527511597 178 0
6.530776262283325 178 0
6.555815935134888 178 0
6.583533525466919 178 0
6.607944011688232 178 0
6.634860992431641 178 0
6.660494327545166 178 0
6.686011552810669 178 0
6.7129199504852295 178 0
6.7385687828063965 178 0
6.763789176940918 178 0
6.7898900508880615 178 0
6.815932273864746 178 0
6.847087860107422 178 0
6.873342752456665 178 0
6.899077892303467 178 0
6.9246814250946045 178 0
6.950621604919434 178 0
6.976427316665649 178 0
7.002953767776489 178 0
7.028357744216919 178 0
7.05379319190979 178 0
7.079794645309448 178 0
7.105919122695923 178 0
7.132845878601074 178 0
7.158838272094727 178 0
7.184478759765625 178 0
7.210736274719238 178 0
7.2365827560424805 178 0
7.263057470321655 178 0
7.288545370101929 178 0
7.313781261444092 178 0
7.3397908210754395 178 0
7.365991115570068 178 0
7.392883777618408 178 0
7.418322801589966 178 0
7.443693161010742 178 0
7.469736576080322 178 0
7.497087001800537 178 0
7.522844314575195 178 0
7.549075365066528 178 0
7.57469367980957 178 0
7.60062313079834 178 0
7.626466274261475 178 0
7.653035640716553 178 0
7.678483247756958 178 0
7.703850984573364 178 0
7.729855298995972 178 0
7.7559404373168945 178 0
7.782845497131348 178 0
7.808503866195679 178 0
7.833832502365112 178 0
7.85992431640625 178 0
7.8859100341796875 178 0
7.912943363189697 178 0
7.938369512557983 178 0
7.9638025760650635 178 0
7.989795207977295 178 0
8.015946388244629 178 0
8.042868375778198 178 0
8.068482160568237 178 0
8.09374451637268 178 0
8.119862079620361 178 0
8.145955324172974 178 0
8.172969341278076 178 0
8.198379278182983 178 0
8.223816156387329 178 0
8.249833583831787 178 0
8.276719331741333 178 0
8.303178787231445 178 0
8.32883358001709 178 0
8.353908777236938 178 0
8.37999939918518 178 0
8.405879497528076 178 0
8.432807445526123 178 0
8.45839524269104 178 0
8.483744621276855 178 0
8.510835409164429 178 0
8.535821914672852 178 0
8.56350588798523 178 0
8.58795428276062 178 0
8.61482858657837 178 0
8.64047384262085 178 0
8.666023254394531 178 0
8.692920684814453 178 0
8.718523263931274 178 0
8.74378490447998 178 0
8.769896268844604 178 0
8.795918226242065 178 0
8.823633432388306 178 0
8.85049819946289 178 0
8.876421451568604 178 0
8.902919292449951 178 0
8.928548336029053 178 0
8.953796625137329 178 0
8.979883670806885 178 0
9.005887746810913 178 0
9.032959699630737 178 0
9.05835771560669 178 0
9.083779096603394 178 0
9.109786748886108 178 0
9.136022329330444 178 0
9.162904977798462 178 0
9.188570737838745 178 0
9.213779211044312 178 0
9.239891052246094 178 0
9.266337633132935 178 0
9.292921781539917 178 0
9.31837511062622 178 0
9.343710899353027 178 0
9.369736909866333 178 0
9.39577317237854 178 0
9.422759771347046 178 0
9.4479238986969 178 0
9.473724603652954 178 0
9.49972128868103 178 0
9.527254104614258 178 0
9.552924633026123 178 0
9.57873821258545 178 0
9.603891611099243 178 0
9.629957675933838 178 0
9.656395196914673 178 0
9.682990074157715 178 0
9.708513021469116 178 0
9.733834266662598 178 0
9.759821653366089 178 0
9.785911798477173 178 0
9.812816619873047 178 0
9.838375568389893 178 0
9.863730192184448 178 0
9.889836311340332 178 0
9.915961027145386 178 0
9.94298768043518 178 0
9.96839952468872 178 0
9.993847131729126 178 0
