0.006445884704589844 0 0
0.0311586856842041 1 2
0.05817914009094238 7 273
0.08296680450439453 18 446
0.11035394668579102 34 598
0.13575363159179688 52 675
0.16126298904418945 71 722
0.18724393844604492 90 749
0.21350383758544922 109 718
0.24036002159118652 125 629
0.2659025192260742 139 523
0.2912025451660156 149 392
0.31729984283447266 157 275
0.3433988094329834 162 187
0.37039780616760254 165 136
0.39586853981018066 169 113
0.42243528366088867 171 99
0.44721436500549316 173 81
0.47344374656677246 174 59
0.5003283023834229 175 46
0.5258564949035645 177 43
0.551154375076294 177 43
0.5772533416748047 178 28
0.6035046577453613 179 25
0.6304581165313721 179 25
0.6557962894439697 179 15
0.6812412738800049 179 15
0.7072255611419678 179 13
0.7332687377929688 179 6
0.7638967037200928 180 6
0.7903544902801514 180 6
0.81553053855896 180 10
0.8411393165588379 181 10
0.8671464920043945 180 7
0.8930327892303467 180 7
0.9205131530761719 181 7
0.9446523189544678 181 -4
0.9720449447631836 180 -4
0.9967107772827148 181 3
1.02323317527771 181 3
1.049462080001831 180 -3
1.0743279457092285 181 0
1.1007227897644043 181 0
1.1264524459838867 181 2
1.1520614624023438 180 -3
1.1779429912567139 181 3
1.2035434246063232 181 3
1.2303998470306396 180 -4
1.2558410167694092 181 4
1.281235694885254 181 4
1.3072354793548584 180 -3
1.3335044384002686 181 0
1.3603391647338867 181 0
1.3858792781829834 180 0
1.411201000213623 181 0
1.4372718334197998 181 0
1.46323823928833 180 0
1.4902381896972656 181 0
1.5153520107269287 181 0
1.5413339138031006 180 -3
1.5673954486846924 181 4
1.5938456058502197 181 4
1.6203794479370117 180 -6
1.645878553390503 181 4
1.671203374862671 181 4
1.6972935199737549 180 -3
1.7233705520629883 181 0
1.7503736019134521 181 0
1.77579927444458 180 0
1.8011279106140137 181 0
1.82710599899292 181 0
1.8530457019805908 180 0
1.8798580169677734 181 0
1.9046404361724854 181 0
1.9308645725250244 180 -3
1.9567070007324219 181 4
1.982666254043579 181 4
2.0079357624053955 180 -6
2.0333662033081055 180 -6
2.0602805614471436 181 3
2.085531234741211 181 3
2.1111412048339844 180 -3
2.138206958770752 181 0
2.163083553314209 181 0
2.1905181407928467 180 0
2.2158761024475098 181 0
2.2413532733917236 181 0
2.2673001289367676 180 0
2.293409824371338 181 0
2.320295810699463 181 0
2.3458521366119385 180 0
2.3712549209594727 181 0
2.3972983360290527 181 0
2.4234189987182617 180 0
2.450413465499878 181 0
2.4757914543151855 181 0
2.5012269020080566 180 0
2.5272316932678223 181 0
2.553496837615967 181 0
2.5803487300872803 180 0
2.605985164642334 181 0
2.631187677383423 181 0
2.6572582721710205 180 0
2.683375597000122 181 0
2.710379123687744 181 0
2.7357547283172607 180 0
2.7611942291259766 181 0
2.787428379058838 181 0
2.813483476638794 181 3
2.8403425216674805 180 -3
2.865874767303467 181 3
2.8912007808685303 181 3
2.9172873497009277 180 -3
2.9435181617736816 181 0
2.9703452587127686 181 0
2.9957568645477295 181 2
3.0211241245269775 180 -3
3.047112464904785 181 3
3.07295823097229 181 3
3.0998847484588623 180 -4
3.1247036457061768 180 3
3.1508829593658447 181 3
3.1767749786376953 181 -6
3.2032392024993896 180 -6
3.228034496307373 181 3
3.254619598388672 181 3
3.280341863632202 180 -3
3.3064138889312744 181 0
3.332085132598877 181 0
3.3579466342926025 181 -3
3.383385181427002 180 -3
3.410404682159424 181 3
3.436021327972412 181 3
3.4613072872161865 180 -4
3.4872703552246094 181 3
3.5134708881378174 181 3
3.5403199195861816 181 -5
3.570120334625244 180 -5
3.5911405086517334 180 0
3.617279529571533 181 0
3.6433544158935547 181 0
3.670459508895874 180 -4
3.6960415840148926 180 0
3.721264362335205 181 4
3.7503981590270996 180 0
3.7758138179779053 180 0
3.801239252090454 181 0
3.8272013664245605 181 0
3.8534905910491943 180 -5
3.880333185195923 181 3
3.9059832096099854 181 3
3.931208610534668 181 3
3.9572925567626953 180 -3
3.983848810195923 181 3
4.010456800460815 181 3
4.035806894302368 180 -3
4.0612006187438965 181 0
4.087225675582886 181 0
4.113492965698242 180 -3
4.140347242355347 180 -3
4.165910243988037 181 3
4.19118857383728 181 3
4.217276334762573 180 -3
4.243373155593872 181 0
4.270399808883667 181 0
4.295781373977661 181 2
4.321122884750366 180 -3
4.347122669219971 181 3
4.373849868774414 181 3
4.400355815887451 180 -3
4.425860643386841 180 -3
4.45121955871582 181 0
4.477210283279419 181 -3
4.503506422042847 180 -3
4.530349254608154 181 3
4.55656099319458 181 3
4.581258296966553 180 -3
4.608071804046631 181 0
4.633062839508057 181 0
4.660232067108154 181 -3
4.685533046722412 180 -3
4.71122670173645 181 0
4.7372260093688965 181 0
4.763460874557495 181 0
4.790360927581787 180 0
4.8158533573150635 181 4
4.84121561050415 181 4
4.867284536361694 181 0
4.893413543701172 180 -4
4.9203715324401855 181 3
4.945817470550537 181 3
4.971222162246704 181 0
4.997225522994995 180 -4
5.023448705673218 181 3
5.050349950790405 181 3
5.075845956802368 181 0
5.101181507110596 180 -4
5.127252817153931 181 3
5.153399467468262 181 3
5.180392026901245 181 0
5.205822706222534 180 -4
5.231190204620361 181 3
5.25719428062439 181 3
5.283541917800903 181 0
5.310352563858032 180 -4
5.3358376026153564 181 3
5.361235857009888 181 3
5.388183355331421 181 0
5.413896560668945 180 -4
5.440354108810425 181 3
5.465839624404907 181 3
5.491150856018066 181 0
5.517167091369629 180 -4
5.542963027954102 180 3
5.569357633590698 181 3
5.594178199768066 181 0
5.620591878890991 180 -4
5.64599609375 180 -4
5.671241760253906 181 3
5.697235345840454 181 0
5.724510431289673 180 -4
5.7502760887146 181 3
5.776545524597168 181 3
5.802142143249512 181 0
5.828063011169434 180 -4
5.853448390960693 181 3
5.880498647689819 181 3
5.905800819396973 181 0
5.931248426437378 180 -4
5.9572062492370605 181 3
5.983365774154663 181 3
6.010241985321045 181 0
6.035879135131836 180 -4
6.061169862747192 181 3
6.087266206741333 181 3
6.113418340682983 181 0
6.140406370162964 180 -4
6.165760040283203 181 3
6.191298007965088 181 3
6.2172791957855225 181 0
6.243840456008911 180 -4
6.270355224609375 181 3
6.295874834060669 181 3
6.321195363998413 181 0
6.3472816944122314 180 -4
6.37337589263916 181 3
6.400357723236084 181 3
6.425873041152954 181 0
6.451291561126709 180 -4
6.477224826812744 181 3
6.504127740859985 181 3
6.530555725097656 181 0
6.555875301361084 180 -4
6.581299066543579 181 3
6.6072096824646 181 3
6.633169174194336 181 0
6.660071611404419 180 -4
6.6850316524505615 181 3
6.71098780632019 181 3
6.736845970153809 181 0
6.762510776519775 180 -4
6.789801359176636 181 3
6.813778638839722 181 3
6.841054439544678 181 0
6.8655314445495605 180 -4
6.892278671264648 181 3
6.917326927185059 181 3
6.943421840667725 181 0
6.970322608947754 180 -4
6.995837450027466 181 3
7.021166086196899 181 3
7.047260999679565 181 0
7.073385238647461 180 -4
7.1003618240356445 181 3
7.125758647918701 181 3
7.151226282119751 181 0
7.177210807800293 180 -4
7.203441858291626 180 -4
7.230320930480957 181 3
7.255833148956299 181 0
7.281171083450317 180 -4
7.307270050048828 181 3
7.333373069763184 181 3
7.360381841659546 180 -3
7.385778188705444 180 -3
7.411225080490112 181 0
7.437273979187012 181 -3
7.463398694992065 180 -3
7.4903059005737305 181 3
7.515815258026123 181 3
7.541178464889526 180 -3
7.56722617149353 180 0
7.593366622924805 181 0
7.620687246322632 180 -3
7.645904541015625 180 -3
7.671242713928223 181 4
7.697234153747559 180 -3
7.723314523696899 181 0
7.750286340713501 181 0
7.77544379234314 180 -3
7.801328897476196 180 -3
7.827393054962158 181 0
7.8533875942230225 181 0
7.880303859710693 181 0
7.90663743019104 180 0
7.931104421615601 181 4
7.95804762840271 181 4
7.9868927001953125 181 -4
8.012798070907593 180 -4
8.03987431526184 181 0
8.065077304840088 181 0
8.090974807739258 180 -4
8.11689043045044 180 -4
8.142700433731079 181 3
8.16932201385498 180 -3
8.194162845611572 180 -3
8.220654010772705 181 3
8.245991945266724 181 3
8.271319389343262 180 -3
8.297258138656616 180 0
8.323476791381836 181 0
8.350348472595215 180 -3
8.375853538513184 180 -3
8.401230096817017 181 0
8.427328109741211 181 0
8.453325033187866 181 0
8.480345487594604 180 0
8.505520105361938 181 4
8.531185865402222 181 4
8.557180881500244 181 0
8.58334755897522 180 -4
8.610207557678223 181 3
8.635762453079224 181 3
8.661241292953491 181 0
8.68733835220337 180 -4
8.713413953781128 180 -4
8.74031925201416 181 3
8.76586103439331 181 0
8.791317224502563 180 -4
8.817402362823486 181 3
8.843371152877808 181 3
8.87112021446228 180 -3
8.895748853683472 180 -3
8.92122220993042 181 0
8.947196245193481 180 0
8.97344160079956 180 0
9.000324249267578 181 0
9.025852680206299 181 0
9.051167011260986 180 0
9.077224969863892 180 0
9.103384017944336 181 0
9.130378246307373 181 -3
9.155777215957642 180 -3
9.181110858917236 181 0
9.2071213722229 181 0
9.233016729354858 181 0
9.259340763092041 180 0
9.284151077270508 180 4
9.310614824295044 181 4
9.335983037948608 181 0
9.36122465133667 180 -4
9.38719892501831 181 3
9.41321086883545 181 3
9.440346717834473 181 0
9.465753316879272 180 -4
9.491131782531738 181 3
9.518197536468506 181 3
9.543050050735474 181 0
9.570652723312378 180 -4
9.596020936965942 181 3
9.621386051177979 181 3
9.647327661514282 181 0
9.6737961769104 180 -4
9.700340747833252 181 3
9.72589373588562 181 3
9.751188039779663 181 0
9.777283906936646 180 -4
9.80338168144226 181 3
9.830405950546265 181 3
9.85578989982605 181 0
9.881232500076294 180 -4
9.907196044921875 181 3
9.933446168899536 181 3
9.960318565368652 181 0
9.99014163017273 180 -4
