0.005251646041870117 0 0
0.03150677680969238 1 8
0.05743527412414551 7 272
0.08353042602539062 19 461
0.11041402816772461 34 601
0.13607192039489746 52 671
0.161301851272583 70 723
0.18738698959350586 90 752
0.21343493461608887 109 721
0.24045348167419434 126 624
0.265887975692749 139 512
0.2913229465484619 149 374
0.31732892990112305 156 267
0.34355688095092773 161 185
0.3704385757446289 164 135
0.3960609436035156 167 117
0.42128539085388184 169 84
0.4474921226501465 171 66
0.4734783172607422 172 55
0.5003564357757568 174 46
0.5255692005157471 174 37
0.5511620044708252 175 30
0.5769784450531006 176 25
0.602787971496582 176 25
0.630803108215332 176 14
0.654973030090332 176 14
0.6823420524597168 176 8
0.7068924903869629 176 8
0.7334117889404297 177 6
0.758136510848999 177 13
0.7873687744140625 178 21
0.8108205795288086 178 21
0.8365557193756104 177 4
0.8621861934661865 178 4
0.8875844478607178 178 4
0.9135987758636475 178 0
0.940544843673706 178 0
0.9659194946289062 178 0
0.9913280010223389 178 0
1.0173254013061523 178 3
1.043562650680542 178 3
1.0704500675201416 178 0
1.0959804058074951 178 0
1.1213037967681885 178 0
1.1473774909973145 178 0
1.1733424663543701 178 0
1.2003445625305176 178 0
1.225522756576538 178 0
1.2512707710266113 178 0
1.277299404144287 178 0
1.3035929203033447 178 0
1.3304352760314941 178 0
1.3559622764587402 178 0
1.382378339767456 178 0
1.4074029922485352 178 0
1.4334776401519775 178 0
1.4604804515838623 178 0
1.4858601093292236 178 0
1.511188268661499 178 0
1.5371730327606201 178 0
1.5630295276641846 178 0
1.5914556980133057 178 0
1.618201732635498 178 0
1.6448016166687012 178 0
1.670440673828125 178 0
1.6967129707336426 178 0
1.7212295532226562 178 0
1.748119831085205 178 0
1.7738957405090332 178 0
1.8005871772766113 178 0
1.825943946838379 178 0
1.8513875007629395 178 0
1.8773601055145264 178 0
1.9035158157348633 178 0
1.9304065704345703 178 0
1.9559369087219238 178 0
1.9812664985656738 178 0
2.0079469680786133 178 0
2.0334599018096924 178 0
2.0604476928710938 178 0
2.085862159729004 178 0
2.111297369003296 178 0
2.1372923851013184 178 0
2.163548231124878 178 0
2.1904139518737793 178 0
2.21596097946167 178 0
2.241269826889038 178 0
2.2673511505126953 178 0
2.2936174869537354 178 0
2.320507287979126 178 0
2.3458831310272217 178 0
2.371309518814087 178 0
2.3973729610443115 178 0
2.42337965965271 178 0
2.450317621231079 178 0
2.4755239486694336 178 0
2.5011940002441406 178 0
2.526947498321533 178 0
2.552644968032837 178 0
2.5782480239868164 178 0
2.6038920879364014 178 0
2.630577325820923 178 0
2.656144142150879 178 0
2.681353807449341 178 0
2.7073652744293213 178 0
2.733393669128418 178 0
2.7604119777679443 178 0
2.7856132984161377 178 0
2.8122284412384033 178 0
2.837972640991211 178 0
2.8634960651397705 178 0
2.890357255935669 178 0
2.915915012359619 178 0
2.9412100315093994 178 0
2.967331886291504 178 0
2.9934778213500977 178 0
3.020378351211548 178 0
3.04559063911438 178 0
3.0711772441864014 178 0
3.096968173980713 178 0
3.122654914855957 178 0
3.1489269733428955 178 0
3.174180507659912 178 0
3.2006688117980957 178 0
3.2260582447052 178 0
3.2513046264648438 178 0
3.2780120372772217 178 0
3.304753303527832 178 0
3.330399990081787 178 0
3.356520652770996 178 0
3.3828036785125732 178 0
3.4101386070251465 178 0
3.435051441192627 178 0
3.4611804485321045 178 0
3.4869675636291504 178 0
3.51265811920166 178 0
3.540764570236206 178 0
3.566173553466797 178 0
3.591371536254883 178 0
3.6174302101135254 178 0
3.643455743789673 178 0
3.6704471111297607 178 0
3.6958556175231934 178 0
3.7212932109832764 178 0
3.7472994327545166 178 0
3.7735562324523926 178 0
3.8004536628723145 178 0
3.8259737491607666 178 0
3.8512935638427734 178 0
3.8774001598358154 178 0
3.903491497039795 178 0
3.930475950241089 178 0
3.9559311866760254 178 0
3.9812986850738525 178 0
4.007376432418823 178 0
4.0334553718566895 178 0
4.060335159301758 178 0
4.085569143295288 178 0
4.11119532585144 178 0
4.137189149856567 178 0
4.162976980209351 178 0
4.18886661529541 178 0
4.2141618728637695 178 0
4.240931987762451 178 0
4.2667858600616455 178 0
4.29246973991394 178 0
4.319579601287842 178 0
4.343903064727783 178 0
4.37120795249939 178 0
4.400275230407715 178 0
4.422454118728638 178 0
4.447892427444458 178 0
4.47358250617981 178 0
4.500435829162598 178 0
4.525978088378906 178 0
4.55129337310791 178 0
4.577382326126099 178 0
4.603349447250366 178 0
4.630346775054932 178 0
4.65555739402771 178 0
4.681302070617676 178 0
4.707285642623901 178 0
4.733551502227783 178 0
4.760428428649902 178 0
4.785945653915405 178 0
4.811344861984253 178 0
4.837424278259277 178 0
4.863415002822876 178 0
4.890437602996826 178 0
4.9158642292022705 178 0
4.941299915313721 178 0
4.967299699783325 178 0
4.993907690048218 178 0
5.020464181900024 178 0
5.045974016189575 178 0
5.071297645568848 178 0
5.09736967086792 178 0
5.123331546783447 178 0
5.15027379989624 178 0
5.175402402877808 178 0
5.204140663146973 178 0
5.230540990829468 178 0
5.255948781967163 178 0
5.281263589859009 178 0
5.307296514511108 178 0
5.334577560424805 178 0
5.360375165939331 178 0
5.3862364292144775 178 0
5.411395788192749 178 0
5.4374706745147705 178 0
5.4634599685668945 178 0
5.490477800369263 178 0
5.515910625457764 178 0
5.541461229324341 178 0
5.567305088043213 178 0
5.59346342086792 178 0
5.620328664779663 178 0
5.6458282470703125 178 0
5.671173334121704 178 0
5.697043418884277 178 0
5.722727060317993 178 0
5.750072717666626 178 0
5.7749998569488525 178 0
5.801114320755005 178 0
5.826935291290283 178 0
5.852662801742554 178 0
5.878963232040405 178 0
5.9042277336120605 178 0
5.930657863616943 178 0
5.956149339675903 178 0
5.9813385009765625 178 0
6.007405996322632 178 0
6.033449649810791 178 0
6.060442924499512 178 0
6.085859298706055 178 0
6.111269474029541 178 0
6.137267827987671 178 0
6.1633477210998535 178 0
6.190249443054199 178 0
6.215339660644531 178 0
6.241212844848633 178 0
6.267208099365234 178 0
6.293235540390015 178 0
6.319569826126099 178 0
6.344517469406128 178 0
6.370841979980469 178 0
6.396240949630737 178 0
6.421489715576172 178 0
6.451354265213013 178 0
6.47745680809021 178 0
6.503960847854614 178 0
6.544181823730469 178 0
6.583541393280029 178 0
6.6295552253723145 178 0
6.652975559234619 178 0
6.678035497665405 178 0
6.704665899276733 178 0
6.7303502559661865 178 0
6.756273508071899 178 0
6.781408309936523 178 0
6.807477235794067 178 0
6.833582162857056 178 0
6.860534429550171 178 0
6.885927200317383 178 0
6.911335229873657 178 0
6.9373180866241455 178 0
6.9634482860565186 178 0
6.990365028381348 178 0
7.015889883041382 178 0
7.041222095489502 178 0
7.067302942276001 178 0
7.093567132949829 178 0
7.120534658432007 178 0
7.145947456359863 178 0
7.171373128890991 178 0
7.197345018386841 178 0
7.223476409912109 178 0
7.250335931777954 178 0
7.275928974151611 178 0
7.301257610321045 178 0
7.327375650405884 178 0
7.353341341018677 178 0
7.381038665771484 178 0
7.4055094718933105 178 0
7.431987047195435 178 0
7.457492828369141 178 0
7.483460903167725 178 0
7.510390996932983 178 0
7.537416934967041 178 0
7.563367128372192 178 0
7.591502666473389 178 0
7.617552042007446 178 0
7.64397120475769 178 0
7.670525312423706 178 0
7.695953369140625 178 0
7.721320390701294 178 0
7.7473204135894775 178 0
7.773345947265625 178 0
7.800251245498657 178 0
7.8255205154418945 178 0
7.8512303829193115 178 0
7.877065420150757 178 0
7.9027135372161865 178 0
7.930051565170288 178 0
7.954971551895142 178 0
7.981105804443359 178 0
8.011105298995972 178 0
8.03273630142212 178 0
8.05995488166809 178 0
8.084927797317505 178 0
8.11097526550293 178 0
8.136884927749634 178 0
8.162561655044556 178 0
8.188155889511108 178 0
8.213926553726196 178 0
8.240545272827148 178 0
8.265908479690552 178 0
8.291236877441406 178 0
8.319507837295532 178 0
8.344956398010254 178 0
8.370996236801147 178 0
8.397150754928589 178 0
8.423210382461548 178 0
8.449394226074219 178 0
8.474277973175049 178 0
8.500705242156982 178 0
8.526767253875732 178 0
8.551374912261963 178 0
8.578839778900146 178 0
8.603433609008789 178 0
8.630546569824219 178 0
8.655951976776123 178 0
8.681374073028564 178 0
8.707345724105835 178 0
8.733388423919678 178 0
8.760313034057617 178 0
8.785826206207275 178 0
8.814234256744385 178 0
8.840725183486938 178 0
8.86608099937439 178 0
8.891382932662964 178 0
8.917367458343506 178 0
8.943408012390137 178 0
8.970304489135742 178 0
8.995834112167358 178 0
9.021214485168457 178 0
9.047292709350586 178 0
9.073567390441895 178 0
9.10054612159729 178 0
9.125935077667236 178 0
9.151369333267212 178 0
9.177354574203491 178 0
9.203399419784546 178 0
9.230302572250366 178 0
9.255512237548828 178 0
9.281195402145386 178 0
9.307191133499146 178 0
9.333234548568726 178 0
9.35957956314087 178 0
9.384753704071045 178 0
9.410913467407227 178 0
9.436544418334961 178 0
9.462406158447266 178 0
9.487967729568481 178 0
9.513848781585693 178 0
9.540436506271362 178 0
9.565855503082275 178 0
9.59121322631836 178 0
9.617303848266602 178 0
9.644733667373657 178 0
9.670439004898071 178 0
9.696243286132812 178 0
9.721412658691406 178 0
9.74748969078064 178 0
9.773465633392334 178 0
9.800477027893066 178 0
9.825927972793579 178 0
9.85131287574768 178 0
9.877302169799805 178 0
9.903556108474731 178 0
9.930582523345947 178 0
9.956167697906494 178 0
9.981367349624634 178 0
