0.0069427490234375 0 0
0.03099346160888672 0 6
0.05858469009399414 7 233
0.08331489562988281 17 443
0.10974597930908203 33 595
0.13465166091918945 50 668
0.16077876091003418 68 717
0.18781423568725586 88 756
0.2133643627166748 107 728
0.23870396614074707 124 648
0.26480984687805176 138 521
0.29077768325805664 148 389
0.3178236484527588 156 278
0.3432285785675049 161 199
0.36873912811279297 165 153
0.3947570323944092 168 98
0.4213886260986328 170 84
0.44786691665649414 172 75
0.47348690032958984 173 65
0.49872493743896484 174 42
0.5248322486877441 175 40
0.5507867336273193 176 35
0.5778501033782959 177 29
0.6032595634460449 177 29
0.6287202835083008 177 15
0.654710054397583 177 15
0.6807608604431152 177 7
0.7077076435089111 177 7
0.7332448959350586 178 7
0.7586209774017334 178 12
0.7847206592559814 178 12
0.8108830451965332 179 11
0.8383026123046875 179 11
0.8639185428619385 179 6
0.8897194862365723 179 6
0.9149341583251953 179 3
0.9454092979431152 179 3
0.9709875583648682 179 3
0.9998517036437988 179 3
1.025381326675415 179 0
1.054861068725586 179 0
1.0814218521118164 179 0
1.1078498363494873 179 0
1.1332931518554688 179 0
1.1586520671844482 179 0
1.1846530437469482 179 0
1.2108304500579834 179 0
1.237746000289917 179 0
1.2632102966308594 179 0
1.2886207103729248 179 0
1.3146448135375977 179 0
1.3405184745788574 179 0
1.3668208122253418 179 0
1.3917384147644043 179 0
1.4188647270202637 179 0
1.4435203075408936 179 0
1.4698741436004639 179 0
1.4947352409362793 179 0
1.521751880645752 179 0
1.5481162071228027 179 0
1.5735936164855957 179 0
1.598792552947998 179 0
1.624891996383667 179 0
1.650881290435791 179 0
1.6779212951660156 179 0
1.703307867050171 179 0
1.7298328876495361 179 0
1.7547328472137451 179 0
1.7809593677520752 179 0
1.8078444004058838 179 0
1.8334386348724365 179 0
1.8586797714233398 179 0
1.887256145477295 179 0
1.912097454071045 179 0
1.9383738040924072 179 0
1.9642484188079834 179 0
1.9899778366088867 179 0
2.015535593032837 179 0
2.0413925647735596 179 0
2.0678679943084717 179 0
2.09344482421875 179 0
2.118698835372925 179 0
2.144798994064331 179 0
2.1708316802978516 179 0
2.1978814601898193 179 0
2.223335027694702 179 0
2.2486789226531982 179 0
2.274676561355591 179 0
2.3007144927978516 179 0
2.332371950149536 179 0
2.352788209915161 179 0
2.378533124923706 179 0
2.4046549797058105 179 0
2.4306564331054688 179 0
2.456983804702759 179 0
2.4823758602142334 179 0
2.508434295654297 179 0
2.534978151321411 179 0
2.5599935054779053 179 0
2.591259241104126 179 0
2.6178340911865234 179 0
2.6434576511383057 179 0
2.668718099594116 179 0
2.6947810649871826 179 0
2.7208869457244873 179 0
2.7482779026031494 179 0
2.7739458084106445 179 0
2.7995991706848145 179 0
2.825425386428833 179 0
2.8508870601654053 179 0
2.877793312072754 179 0
2.9033262729644775 179 0
2.9287056922912598 179 0
2.9547903537750244 179 0
2.9808883666992188 179 0
3.007864475250244 179 0
3.033277750015259 179 0
3.0587151050567627 179 0
3.0847034454345703 179 0
3.1109447479248047 179 0
3.137828826904297 179 0
3.1632792949676514 179 0
3.188628911972046 179 0
3.214663505554199 179 0
3.2407500743865967 179 0
3.267233371734619 179 0
3.2923715114593506 179 0
3.318408727645874 179 0
3.3442656993865967 179 0
3.3699331283569336 179 0
3.395559310913086 179 0
3.4213457107543945 179 0
3.4478564262390137 179 0
3.473281145095825 179 0
3.4986283779144287 179 0
3.524670362472534 179 0
3.5517024993896484 179 0
3.5775790214538574 179 0
3.603701591491699 179 0
3.628809928894043 179 0
3.6548843383789062 179 0
3.680878162384033 179 0
3.707885265350342 179 0
3.73345947265625 179 0
3.7588307857513428 179 0
3.7848010063171387 179 0
3.811251640319824 179 0
3.8378524780273438 179 0
3.8633642196655273 179 0
3.8888282775878906 179 0
3.9147984981536865 179 0
3.9407989978790283 179 0
3.9678125381469727 179 0
3.9932265281677246 179 0
4.018700361251831 179 0
4.044694185256958 179 0
4.07093358039856 179 0
4.097835063934326 179 0
4.123361110687256 179 0
4.14870023727417 179 0
4.1747894287109375 179 0
4.201272010803223 179 0
4.227892875671387 179 0
4.253300666809082 179 0
4.2795867919921875 179 0
4.305424928665161 179 0
4.331352710723877 179 0
4.35787034034729 179 0
4.383301019668579 179 0
4.408666133880615 179 0
4.434693098068237 179 0
4.460696458816528 179 0
4.487576961517334 179 0
4.512759208679199 179 0
4.538518667221069 179 0
4.565431594848633 179 0
4.594064235687256 179 0
4.617582321166992 179 0
4.641429901123047 179 0
4.668602466583252 179 0
4.693304538726807 179 0
4.719684600830078 179 0
4.745391607284546 179 0
4.770988702774048 179 0
4.797860383987427 179 0
4.8234663009643555 179 0
4.848723888397217 179 0
4.8748040199279785 179 0
4.900836944580078 179 0
4.927868604660034 179 0
4.95329213142395 179 0
4.978691577911377 179 0
5.0047712326049805 179 0
5.030837297439575 179 0
5.057736158370972 179 0
5.083262205123901 179 0
5.108670949935913 179 0
5.134765625 179 0
5.161271095275879 179 0
5.187917947769165 179 0
5.213318109512329 179 0
5.2387306690216064 179 0
5.2647294998168945 179 0
5.290961742401123 179 0
5.317846059799194 179 0
5.343442916870117 179 0
5.368695259094238 179 0
5.3982908725738525 179 0
5.4239301681518555 179 0
5.4495768547058105 179 0
5.4754157066345215 179 0
5.501348972320557 179 0
5.531605243682861 179 0
5.555336952209473 179 0
5.582347631454468 179 0
5.60850191116333 179 0
5.634412050247192 179 0
5.660521745681763 179 0
5.687279939651489 179 0
5.7121288776397705 179 0
5.738247632980347 179 0
5.763566255569458 179 0
5.7888569831848145 179 0
5.815381050109863 179 0
5.840969800949097 179 0
5.867823600769043 179 0
5.893436431884766 179 0
5.918700456619263 179 0
5.944784879684448 179 0
5.970884799957275 179 0
5.997883319854736 179 0
6.02332615852356 179 0
6.048718214035034 179 0
6.074739694595337 179 0
6.1009557247161865 179 0
6.127850770950317 179 0
6.153454542160034 179 0
6.1787004470825195 179 0
6.20480751991272 179 0
6.230777978897095 179 0
6.257815837860107 179 0
6.283209800720215 179 0
6.308703660964966 179 0
6.334705591201782 179 0
6.360928773880005 179 0
6.3878257274627686 179 0
6.413232088088989 179 0
6.438618421554565 179 0
6.464627265930176 179 0
6.490642309188843 179 0
6.516980886459351 179 0
6.542418718338013 179 0
6.568418502807617 179 0
6.594949007034302 179 0
6.620052337646484 179 0
6.647596597671509 179 0
6.671522378921509 179 0
6.698642730712891 179 0
6.723361492156982 179 0
6.749725103378296 179 0
6.77529501914978 179 0
6.80098819732666 179 0
6.827855825424194 179 0
6.853458404541016 179 0
6.878718614578247 179 0
6.904816627502441 179 0
6.930927038192749 179 0
6.957927227020264 179 0
6.983321189880371 179 0
7.008741855621338 179 0
7.034724235534668 179 0
7.060986518859863 179 0
7.087855339050293 179 0
7.113467454910278 179 0
7.138694524765015 179 0
7.164791822433472 179 0
7.190770387649536 179 0
7.217793941497803 179 0
7.243201971054077 179 0
7.2687060832977295 179 0
7.294689655303955 179 0
7.321302652359009 179 0
7.347866535186768 179 0
7.373466491699219 179 0
7.402565240859985 179 0
7.428462028503418 179 0
7.454282283782959 179 0
7.479984521865845 179 0
7.505560874938965 179 0
7.530994176864624 179 0
7.5578484535217285 179 0
7.5833094120025635 179 0
7.608621120452881 179 0
7.634659290313721 179 0
7.66162109375 179 0
7.686990261077881 179 0
7.71292781829834 179 0
7.738431453704834 179 0
7.764719247817993 179 0
7.790878057479858 179 0
7.817903518676758 179 0
7.84330415725708 179 0
7.86873197555542 179 0
7.894712686538696 179 0
7.921341180801392 179 0
7.947867155075073 179 0
7.973440647125244 179 0
7.998710632324219 179 0
8.024793863296509 179 0
8.050877571105957 179 0
8.077874898910522 179 0
8.103323221206665 179 0
8.128740072250366 179 0
8.154721021652222 179 0
8.180988311767578 179 0
8.207947492599487 179 0
8.23354697227478 179 0
8.258749008178711 179 0
8.284844636917114 179 0
8.310853242874146 179 0
8.337884426116943 179 0
8.363299131393433 179 0
8.388707637786865 179 0
8.414718627929688 179 0
8.44166374206543 179 0
8.46809697151184 179 0
8.493481397628784 179 0
8.518713235855103 179 0
8.544737100601196 179 0
8.570873737335205 179 0
8.597797870635986 179 0
8.62321424484253 179 0
8.64863395690918 179 0
8.675647974014282 179 0
8.700616359710693 179 0
8.728650569915771 179 0
8.752036571502686 179 0
8.77946925163269 179 0
8.804140090942383 179 0
8.830419301986694 179 0
8.856968641281128 179 0
8.882437229156494 179 0
8.908426761627197 179 0
8.934395790100098 179 0
8.960183143615723 179 0
8.98746109008789 179 0
9.012473106384277 179 0
9.038522005081177 179 0
9.064366102218628 179 0
9.090105533599854 179 0
9.116831064224243 179 0
9.14169430732727 179 0
9.168164014816284 179 0
9.193537712097168 179 0
9.218741655349731 179 0
9.244835615158081 179 0
9.270836114883423 179 0
9.297850370407104 179 0
9.323273181915283 179 0
9.34870958328247 179 0
9.37471055984497 179 0
9.40095853805542 179 0
9.427852630615234 179 0
9.453441381454468 179 0
9.47869873046875 179 0
9.504781007766724 179 0
9.530777215957642 179 0
9.557802438735962 179 0
9.583200931549072 179 0
9.608640670776367 179 0
9.634649753570557 179 0
9.660651922225952 179 0
9.686870813369751 179 0
9.711705684661865 179 0
9.73818039894104 179 0
9.76349925994873 179 0
9.788749694824219 179 0
9.8148193359375 179 0
9.84094762802124 179 0
9.867830038070679 179 0
9.893242597579956 179 0
9.918623685836792 179 0
9.94566035270691 179 0
9.970494270324707 179 0
9.998028755187988 179 0
