0.005935192108154297 0 0
0.027232646942138672 0 3
0.04744386672973633 3 137
0.07243585586547852 12 341
0.09055900573730469 21 457
0.11066722869873047 31 523
0.13174986839294434 43 600
0.15765905380249023 60 654
0.17847371101379395 75 690
0.19924688339233398 89 710
0.2224133014678955 107 734
0.24329614639282227 122 755
0.2670779228210449 140 765
0.2875194549560547 155 774
0.3084697723388672 173 784
0.32988524436950684 189 790
0.35059452056884766 205 716
0.3716757297515869 214 496
0.3925352096557617 220 285
0.4132213592529297 221 191
0.43383336067199707 219 -23
0.454265832901001 213 -294
0.47572946548461914 205 -393
0.4967458248138428 194 -490
0.5184168815612793 182 -553
0.5383894443511963 170 -601
0.5591142177581787 159 -562
0.579857587814331 152 -349
0.6005582809448242 149 -176
0.6216309070587158 150 79
0.6425728797912598 155 189
0.6633884906768799 163 380
0.6840150356292725 172 476
0.7045152187347412 184 551
0.727139949798584 195 522
0.7474901676177979 201 293
0.768322229385376 203 182
0.7893631458282471 201 -24
0.810166597366333 195 -272
0.8312599658966064 187 -390
0.8518915176391602 177 -485
0.8736703395843506 167 -455
0.8942627906799316 161 -244
0.915905237197876 161 -244
0.9372749328613281 164 98
0.957512378692627 171 307
0.9783987998962402 180 424
0.999136209487915 191 512
1.0200941562652588 200 487
1.0405759811401367 206 292
1.0616135597229004 207 197
1.0826358795166016 204 -46
1.1032094955444336 198 -280
1.1238222122192383 189 -415
1.1442508697509766 179 -499
1.1659278869628906 169 -494
1.1871089935302734 161 -360
1.2076354026794434 159 -241
1.2292163372039795 160 31
1.2505061626434326 166 249
1.2715234756469727 174 397
1.2934527397155762 184 496
1.3138988018035889 194 479
1.334501028060913 200 276
1.3570492267608643 201 48
1.3773939609527588 198 -130
1.3982672691345215 192 -286
1.4190354347229004 183 -403
1.4397611618041992 173 -499
1.460371971130371 163 -480
1.4821629524230957 157 -266
1.5032103061676025 156 -188
1.523820400238037 159 69
1.5445361137390137 166 298
1.5673110485076904 175 435
1.5875704288482666 186 511
1.6083524227142334 196 483
1.6291263103485107 201 287
1.6498804092407227 203 233
1.6706116199493408 201 -61
1.694225549697876 194 -294
1.7135612964630127 187 -385
1.7356977462768555 176 -486
1.7550957202911377 167 -462
1.7763972282409668 161 -265
1.7974178791046143 160 -182
1.8182637691497803 162 22
1.8390696048736572 169 279
1.8597164154052734 177 395
1.8805875778198242 187 494
1.9016180038452148 197 470
1.9225437641143799 203 269
1.9433085918426514 203 194
1.9638996124267578 201 -45
1.9843733310699463 194 -290
2.0059287548065186 185 -405
2.0271823406219482 175 -499
2.0477211475372314 165 -470
2.068333148956299 159 -264
2.0945117473602295 159 0
2.109875440597534 161 71
2.130635976791382 168 271
2.151721715927124 177 415
2.172618865966797 187 497
2.1933529376983643 197 479
2.2139320373535156 203 286
2.234431743621826 205 195
2.256040096282959 202 -77
2.2770707607269287 196 -289
2.297607898712158 188 -395
2.3198883533477783 177 -491
2.3400256633758545 167 -457
2.360585927963257 161 -273
2.3816072940826416 161 -45
2.4026291370391846 163 47
2.4232029914855957 169 276
2.4445409774780273 178 405
2.4645516872406006 188 498
2.48612904548645 199 479
2.5073459148406982 204 271
2.5277132987976074 205 43
2.548370122909546 203 -24
2.5691206455230713 197 -247
2.590097665786743 190 -389
2.6105589866638184 179 -471
2.631601572036743 170 -471
2.652564525604248 163 -350
2.673340082168579 160 -157
2.693977117538452 162 89
2.7155508995056152 167 249
2.7364187240600586 175 380
2.7574965953826904 185 481
2.778308629989624 195 468
2.799769878387451 200 260
2.8197178840637207 201 231
2.8403427600860596 197 -72
2.8611550331115723 191 -276
2.881814956665039 183 -408
2.9030187129974365 173 -486
2.923628091812134 163 -470
2.944110870361328 157 -282
2.9650967121124268 156 -183
2.9871432781219482 159 49
3.0076889991760254 165 288
3.0283186435699463 175 415
3.049116373062134 185 497
3.0698931217193604 194 491
3.090514898300171 201 281
3.111564874649048 202 45
3.1324117183685303 199 -55
3.1539173126220703 194 -282
3.173896551132202 186 -391
3.1944098472595215 176 -479
3.2165980339050293 166 -455
3.2374393939971924 161 -259
3.258344888687134 161 -38
3.279111623764038 163 44
3.299971103668213 169 279
3.320517063140869 179 407
3.341531991958618 189 501
3.362560749053955 199 490
3.3832144737243652 205 286
3.40382719039917 206 175
3.4245312213897705 203 -89
3.446094036102295 197 -282
3.4673094749450684 189 -404
3.487595319747925 179 -489
3.50929594039917 168 -480
3.5293502807617188 161 -347
3.55057692527771 159 -183
3.5716419219970703 160 71
3.5924460887908936 165 197
3.6133737564086914 173 372
3.634021759033203 182 465
3.6545276641845703 192 450
3.676745891571045 197 255
3.7000577449798584 198 0
3.7201268672943115 195 -79
3.740755081176758 189 -287
3.7630245685577393 179 -403
3.7826340198516846 169 -490
3.8032586574554443 160 -464
3.823915481567383 154 -284
3.8444108963012695 153 -198
3.866649866104126 155 23
3.887453317642212 161 261
3.9102694988250732 170 426
3.9306411743164062 181 493
3.9516849517822266 191 498
3.972654104232788 199 368
3.9965550899505615 202 171
4.013885259628296 201 0
4.03512716293335 196 -182
4.056750297546387 189 -336
4.077944278717041 179 -448
4.1007044315338135 166 -535
4.121753931045532 157 -521
4.142613410949707 149 -347
4.163255453109741 147 -173
4.183856964111328 149 91
4.20433235168457 155 275
4.226125717163086 163 399
4.247201204299927 173 490
4.267587661743164 184 549
4.2882773876190186 195 526
4.308796644210815 201 341
4.329749345779419 204 163
4.350358963012695 201 -25
4.3714447021484375 195 -263
4.392538070678711 187 -389
4.413313865661621 178 -476
4.434000492095947 169 -455
4.454505681991577 163 -263
4.476736545562744 163 -38
4.502645969390869 167 141
4.523128032684326 174 337
4.543719291687012 183 447
4.564257860183716 193 435
4.586011171340942 198 245
4.607277870178223 198 41
4.628452301025391 194 -170
4.6491522789001465 188 -298
4.670607566833496 179 -414
4.69162130355835 170 -396
4.712554216384888 166 -240
4.733396530151367 165 0
4.753985166549683 169 136
4.774497985839844 176 314
4.7963995933532715 185 430
4.81734824180603 194 422
4.838425874710083 199 244
4.859124422073364 199 244
4.880413770675659 195 -64
4.902625799179077 189 -310
4.923136472702026 180 -420
4.943721532821655 170 -490
4.964261293411255 160 -459
4.985733509063721 155 -265
5.0067243576049805 153 -114
5.027426719665527 156 154
5.048388242721558 163 261
5.072159051895142 173 428
5.093252182006836 183 519
5.115165710449219 195 471
5.136718273162842 201 297
5.157480001449585 202 191
5.178337812423706 199 -52
5.199250221252441 193 -276
5.220510482788086 185 -399
5.241525173187256 175 -496
5.262391090393066 165 -488
5.283986330032349 159 -266
5.3041229248046875 157 -115
5.325093030929565 160 149
5.3465735912323 167 298
5.367397308349609 175 405
5.388348817825317 185 499
5.40908408164978 195 476
5.429733514785767 200 264
5.450349807739258 201 180
5.471406698226929 199 -22
5.492424726486206 193 -270
5.513325214385986 185 -386
5.533888816833496 175 -483
5.554403305053711 165 -465
5.576529026031494 159 -270
5.597564458847046 158 -49
5.618354320526123 161 50
5.6397576332092285 167 281
5.659957408905029 176 406
5.680516481399536 186 499
5.705844163894653 197 439
5.724382638931274 201 238
5.746607065200806 202 37
5.767595052719116 198 -173
5.788279056549072 192 -294
5.809794187545776 183 -417
5.83060884475708 172 -498
5.85167121887207 163 -459
5.8725738525390625 157 -280
5.8939502239227295 156 -38
5.913911581039429 159 49
5.934419870376587 165 293
5.9565815925598145 175 413
5.977405071258545 185 504
5.9983344078063965 195 482
6.019120931625366 200 285
6.040095090866089 201 183
6.060572862625122 199 -22
6.081563711166382 193 -272
6.1086602210998535 182 -411
6.127719402313232 173 -495
6.149111747741699 163 -460
6.169737815856934 158 -259
6.190368175506592 157 -43
6.211174964904785 161 120
6.2319769859313965 167 291
6.253193140029907 176 420
6.2737390995025635 186 502
6.29427433013916 197 469
6.315677881240845 203 280
6.336505174636841 204 47
6.357665300369263 202 -54
6.378326416015625 196 -264
6.39912223815918 188 -391
6.41986083984375 179 -471
6.440621852874756 168 -469
6.461644411087036 162 -326
6.482587814331055 159 -178
6.510077238082886 163 164
6.529829263687134 169 277
6.55061149597168 178 409
6.571630954742432 188 496
6.592535972595215 199 478
6.613351106643677 204 272
6.633951187133789 205 156
6.65599799156189 203 -23
6.676457166671753 197 -264
6.697346448898315 189 -382
6.718389272689819 179 -471
6.739138126373291 169 -474
6.760179042816162 163 -342
6.7805938720703125 161 -234
6.801614761352539 163 24
6.822738170623779 169 262
6.843307971954346 177 391
6.8639843463897705 187 485
6.88449764251709 197 452
6.910738706588745 203 230
6.931739330291748 203 32
6.952635049819946 199 -97
6.973284721374512 193 -305
6.99385666847229 184 -419
7.014479637145996 173 -499
7.036053895950317 164 -463
7.057113409042358 158 -276
7.077588319778442 157 -103
7.0983030796051025 161 134
7.119138240814209 167 289
7.1397385597229 176 419
7.160365343093872 187 509
7.1812663078308105 197 482
7.201889753341675 203 291
7.223098516464233 204 167
7.243701696395874 202 -22
7.265841484069824 197 -268
7.285552978515625 189 -382
7.310642957687378 175 -493
7.331631660461426 167 -484
7.3524603843688965 161 -340
7.37334132194519 159 -190
7.393980503082275 161 69
7.414465427398682 167 252
7.4360692501068115 174 386
7.457201242446899 185 490
7.4776482582092285 194 455
7.498341798782349 199 257
7.519656419754028 200 0
7.540191650390625 196 -170
7.561183452606201 189 -303
7.582195520401001 180 -419
7.603134632110596 170 -493
7.6238250732421875 161 -469
7.64425253868103 155 -287
7.665747165679932 153 -43
7.687018156051636 157 91
7.712536573410034 165 340
7.7330482006073 174 431
7.753708362579346 184 512
7.774311304092407 195 475
7.795689344406128 201 289
7.816688537597656 202 172
7.837385177612305 199 -86
7.858201742172241 194 -283
7.879112005233765 185 -383
7.899748086929321 176 -472
7.920358419418335 166 -442
7.941208124160767 161 -257
7.961960077285767 161 -40
7.983129024505615 163 115
8.00372862815857 170 292
8.025933980941772 179 420
8.04558777809143 189 502
8.06662631034851 199 478
8.087645053863525 205 279
8.114305257797241 205 29
8.13425087928772 201 -195
8.15592622756958 195 -312
8.177798986434937 185 -423
8.197471141815186 176 -494
8.218432426452637 166 -460
8.23919677734375 161 -282
8.260114908218384 160 0
8.280707836151123 163 138
8.301729917526245 169 294
8.322654485702515 179 410
8.343240737915039 189 506
8.363847255706787 199 479
8.38449478149414 205 281
8.406790256500244 206 47
8.427435159683228 203 -92
8.448253631591797 197 -281
8.469022035598755 188 -390
8.489733695983887 179 -483
8.51421046257019 167 -448
8.534371852874756 161 -291
8.556042194366455 159 -234
8.577187538146973 161 66
8.597513675689697 166 260
8.618312120437622 175 390
8.639180898666382 185 482
8.661509990692139 195 451
8.681548595428467 199 246
8.702649116516113 199 0
8.723285675048828 196 -175
8.743921518325806 189 -299
8.76441478729248 180 -419
8.787243604660034 169 -497
8.807320833206177 160 -461
8.828189373016357 155 -291
8.84856104850769 153 -178
8.86923623085022 157 88
8.890281200408936 163 279
8.91720986366272 175 445
8.93592619895935 185 518
8.957045555114746 195 493
8.97754454612732 200 282
8.998376369476318 202 109
9.019111156463623 199 -56
9.040403127670288 193 -268
9.060346126556396 186 -376
9.080796241760254 177 -466
9.101957082748413 168 -434
9.123031616210938 163 -253
9.143736839294434 163 -45
9.164250373840332 167 155
9.185616493225098 173 319
9.206554412841797 183 429
9.227455615997314 191 426
9.248488426208496 195 243
9.269170999526978 195 36
9.290123701095581 192 -190
9.315898656845093 182 -361
9.337366104125977 173 -439
9.357501029968262 165 -424
9.378309726715088 160 -248
9.399146318435669 160 0
9.419735193252563 164 177
9.440369844436646 171 306
9.46136474609375 180 434
9.482161045074463 191 509
9.503311157226562 201 473
9.523948431015015 207 295
9.544387340545654 208 183
9.566044330596924 206 -50
9.587323904037476 200 -276
9.607765674591064 193 -389
9.628305912017822 182 -463
9.649795532226562 172 -523
9.669951677322388 162 -489
9.69059157371521 155 -299
9.719075441360474 154 0
9.737634420394897 157 130
9.758372783660889 164 296
9.779127597808838 173 411
9.799747943878174 184 502
9.820380687713623 193 493
9.841435194015503 199 279
9.862228155136108 200 180
9.88321828842163 197 -77
9.904365301132202 190 -284
9.926054239273071 182 -401
9.94716477394104 171 -481
9.967673778533936 163 -448
9.98842191696167 157 -269
