0.005955696105957031 0 0
0.03269219398498535 1 6
0.05763578414916992 7 272
0.08394026756286621 18 474
0.10922741889953613 34 586
0.1344592571258545 50 666
0.16045570373535156 69 727
0.1866157054901123 89 749
0.21348929405212402 109 780
0.23911428451538086 130 791
0.26444292068481445 151 814
0.29041337966918945 172 813
0.3164517879486084 193 828
0.34335756301879883 212 654
0.36824989318847656 222 423
0.39534759521484375 225 189
0.42028021812438965 221 -177
0.4467437267303467 212 -382
0.4719729423522949 198 -529
0.49822044372558594 182 -634
0.5241575241088867 166 -613
0.5501072406768799 155 -428
0.5757849216461182 150 -182
0.6013767719268799 152 85
0.6270456314086914 161 348
0.6536469459533691 174 526
0.6790528297424316 190 595
0.7044644355773926 202 473
0.7304501533508301 208 251
0.7564752101898193 206 -66
0.7833685874938965 198 -327
0.8092586994171143 185 -496
0.8344316482543945 170 -562
0.8605141639709473 159 -389
0.8865456581115723 154 -173
0.9135594367980957 157 54
0.9389894008636475 165 325
0.9644403457641602 178 505
0.9904360771179199 192 536
1.0169939994812012 202 343
1.0435807704925537 205 171
1.0691001415252686 201 -116
1.0943987369537354 191 -389
1.1204719543457031 178 -546
1.1465775966644287 164 -514
1.1735916137695312 156 -268
1.1990087032318115 156 -40
1.2255408763885498 162 269
1.2506062984466553 174 464
1.2770395278930664 188 566
1.3035790920257568 200 448
1.328993320465088 206 245
1.35434889793396 204 -30
1.3805475234985352 197 -284
1.4065546989440918 185 -499
1.4334383010864258 170 -545
1.4586334228515625 159 -420
1.4843263626098633 154 -167
1.5113575458526611 157 90
1.53615403175354 164 335
1.564063310623169 178 519
1.5896856784820557 193 538
1.6154935359954834 202 349
1.6411705017089844 205 49
1.6699261665344238 200 -161
1.6935720443725586 191 -391
1.7191085815429688 177 -542
1.7466130256652832 162 -449
1.7736515998840332 156 -256
1.7990155220031738 155 0
1.8246090412139893 161 185
1.8505358695983887 172 457
1.8765923976898193 187 560
1.9035005569458008 200 465
1.9290988445281982 206 237
1.9544017314910889 204 -33
1.9805099964141846 197 -279
2.006601572036743 185 -482
2.0336060523986816 171 -536
2.0589687824249268 160 -435
2.084392547607422 156 -251
2.1103808879852295 158 23
2.1364192962646484 167 342
2.163543224334717 180 517
2.1890671253204346 194 540
2.214348316192627 203 357
2.2404375076293945 206 42
2.266573429107666 201 -90
2.293482542037964 190 -403
2.318974256515503 176 -553
2.3443446159362793 162 -531
2.3703200817108154 154 -278
2.3962364196777344 154 -256
2.423002243041992 160 122
2.4478955268859863 170 440
2.473857879638672 184 590
2.499784469604492 200 568
2.526637315750122 211 352
2.553518533706665 213 49
2.579110622406006 208 -126
2.604593515396118 198 -390
2.6306066513061523 184 -565
2.6565725803375244 168 -579
2.683610200881958 157 -396
2.7089970111846924 152 -184
2.7344558238983154 155 54
2.7604281902313232 164 360
2.7867136001586914 177 511
2.8135833740234375 191 549
2.8391175270080566 202 394
2.8644206523895264 205 175
2.890413999557495 202 -120
2.9165494441986084 192 -369
2.9435441493988037 179 -534
2.9687275886535645 165 -520
2.994422674179077 157 -325
3.0204131603240967 156 -42
3.046635389328003 161 150
3.0735344886779785 172 446
3.098731279373169 186 554
3.1243128776550293 200 490
3.150115966796875 206 258
3.175765037536621 205 0
3.201331377029419 199 -285
3.2270660400390625 187 -476
3.2535812854766846 173 -557
3.279104709625244 160 -472
3.304422616958618 154 -195
3.3303911685943604 156 80
3.356451988220215 163 277
3.384181261062622 177 498
3.4089584350585938 190 555
3.4355251789093018 202 422
3.4603428840637207 206 159
3.4871015548706055 202 -146
3.513582229614258 193 -374
3.539217710494995 180 -519
3.5644047260284424 166 -527
3.5904881954193115 157 -298
3.616450309753418 156 -41
3.643667697906494 160 147
3.6690807342529297 171 415
3.6945343017578125 186 562
3.720489263534546 199 499
3.746629476547241 206 289
3.7734858989715576 206 -37
3.799203872680664 199 -279
3.824434757232666 187 -472
3.8504931926727295 172 -558
3.8766183853149414 160 -473
3.903613328933716 154 -233
3.9289979934692383 156 76
3.954421281814575 164 295
3.980410575866699 176 499
4.006459951400757 190 551
4.033368349075317 201 384
4.058507204055786 205 180
4.084503889083862 202 -47
4.110560655593872 194 -361
4.136563539505005 180 -509
4.163462400436401 167 -516
4.188736915588379 158 -369
4.214335203170776 155 -186
4.24042534828186 160 82
4.266634702682495 170 402
4.293543815612793 184 562
4.31873083114624 199 537
4.3443639278411865 206 275
4.37038516998291 207 0
4.396142959594727 202 -215
4.4220404624938965 190 -425
4.4473536014556885 176 -568
4.473782777786255 163 -486
4.499873876571655 154 -285
4.524443626403809 153 -40
4.551474094390869 158 146
4.576505422592163 169 423
4.6036810874938965 184 571
4.629100799560547 198 546
4.654507637023926 206 325
4.68045449256897 207 37
4.706725597381592 202 -110
4.733574867248535 191 -428
4.759100675582886 177 -561
4.784400224685669 163 -526
4.810478687286377 155 -271
4.8364646434783936 154 -41
4.863670110702515 160 254
4.889289379119873 172 445
4.914555072784424 186 565
4.940516471862793 200 465
4.966637849807739 206 248
4.993523359298706 205 -29
5.01906681060791 198 -278
5.0443596839904785 186 -467
5.0704286098480225 172 -555
5.0965447425842285 160 -476
5.123564958572388 154 -241
5.148747682571411 156 71
5.1746063232421875 164 299
5.200543165206909 176 499
5.227128505706787 190 546
5.2535951137542725 202 392
5.283810615539551 205 43
5.309003829956055 201 -192
5.334355354309082 191 -394
5.360328912734985 178 -545
5.386406183242798 164 -531
5.413668394088745 156 -261
5.439619779586792 154 42
5.464503765106201 160 225
5.490391254425049 171 452
5.517810583114624 186 592
5.5427329540252686 202 596
5.568470478057861 211 348
5.594499349594116 213 196
5.620601415634155 208 -110
5.650234937667847 196 -425
5.675957441329956 182 -576
5.702487945556641 166 -592
5.727360486984253 155 -420
5.753807783126831 151 -153
5.779270887374878 154 51
5.804462909698486 162 321
5.830542087554932 175 513
5.856581926345825 190 570
5.883580923080444 202 422
5.908745527267456 206 258
5.9344189167022705 204 -25
5.960399866104126 196 -328
5.986425399780273 183 -495
6.012723207473755 169 -530
6.037701606750488 160 -373
6.063965797424316 156 -112
6.0896570682525635 160 153
6.115285158157349 169 381
6.140706777572632 183 534
6.166550636291504 196 524
6.193579912185669 204 253
6.218960523605347 204 0
6.2443907260894775 199 -174
6.2703752517700195 188 -447
6.296172142028809 174 -549
6.322468996047974 161 -468
6.347337007522583 155 -242
6.373724937438965 156 34
6.399099349975586 163 280
6.424394845962524 175 475
6.450415372848511 189 543
6.476566314697266 200 441
6.503545761108398 204 256
6.5287275314331055 201 -47
6.5543506145477295 192 -347
6.580299615859985 179 -526
6.606359243392944 166 -526
6.633694648742676 157 -286
6.657794952392578 156 -246
6.685186386108398 161 79
6.709657907485962 170 415
6.736015558242798 185 559
6.761534929275513 200 493
6.787915945053101 206 267
6.814082622528076 206 0
6.839999675750732 199 -278
6.8656463623046875 188 -473
6.891202926635742 173 -569
6.916724443435669 160 -514
6.943637371063232 153 -234
6.969058990478516 154 45
6.994457244873047 161 289
7.020413160324097 173 487
7.046682834625244 187 566
7.073541164398193 200 452
7.099109411239624 206 247
7.1244120597839355 205 0
7.150472402572632 198 -251
7.176588296890259 186 -472
7.203565835952759 172 -545
7.229092359542847 160 -457
7.25446891784668 154 -178
7.280454158782959 156 75
7.30706000328064 164 299
7.333584547042847 176 490
7.359190940856934 190 548
7.384606599807739 202 396
7.410578012466431 205 190
7.43668270111084 202 -82
7.463698387145996 193 -379
7.489276885986328 180 -517
7.514445543289185 166 -526
7.5405356884002686 157 -327
7.566715955734253 155 -186
7.593663692474365 160 104
7.61902117729187 171 407
7.6444549560546875 185 559
7.670436859130859 199 481
7.697012901306152 206 255
7.723579168319702 205 29
7.749108791351318 199 -235
7.774411201477051 188 -445
7.800457715988159 173 -563
7.826596975326538 160 -486
7.853985071182251 154 -244
7.879610300064087 155 33
7.905234098434448 162 252
7.930617332458496 174 495
7.9566192626953125 189 554
7.983480930328369 200 395
8.008730173110962 205 187
8.034583330154419 203 -23
8.06052541732788 195 -322
8.086499691009521 179 -525
8.113406419754028 168 -550
8.139648675918579 157 -375
8.164222478866577 153 -171
8.191087245941162 156 23
8.21655535697937 164 311
8.243603467941284 177 506
8.269020795822144 192 559
8.294468879699707 202 396
8.320444822311401 206 247
8.346585988998413 203 -22
8.373480319976807 195 -352
8.39908766746521 182 -505
8.424377679824829 168 -537
8.450448513031006 158 -373
8.476404905319214 155 -196
8.5036301612854 159 186
8.529056549072266 169 397
8.554444313049316 182 536
8.580425024032593 196 490
8.606662273406982 204 263
8.633527994155884 204 0
8.659088134765625 197 -261
8.684388637542725 185 -460
8.710456609725952 172 -521
8.736562013626099 161 -423
8.76357913017273 156 -171
8.788747787475586 160 91
8.814653635025024 168 355
8.840519189834595 182 525
8.866605281829834 195 525
8.896669149398804 204 242
8.923535823822021 204 0
8.948975324630737 198 -225
8.974349021911621 187 -437
9.001374959945679 173 -539
9.026175737380981 162 -462
9.053855895996094 155 -231
9.079197406768799 156 39
9.10460877418518 164 242
9.130543231964111 176 488
9.156643390655518 190 538
9.183550357818604 201 353
9.209072589874268 204 179
9.234437465667725 200 -116
9.260523796081543 191 -385
9.28661561012268 178 -518
9.313573122024536 164 -488
9.338966369628906 157 -289
9.364421129226685 156 -249
9.390396356582642 162 235
9.416550159454346 172 428
9.443443298339844 186 547
9.468722581863403 199 472
9.494364261627197 205 236
9.5204336643219 204 -82
9.546491622924805 196 -262
9.57298755645752 184 -486
9.597800493240356 171 -528
9.624089241027832 160 -389
9.649916172027588 156 -180
9.675647735595703 160 88
9.70121693611145 169 382
9.727206230163574 182 529
9.753602266311646 196 497
9.779198169708252 204 287
9.80442214012146 204 35
9.830491781234741 199 -134
9.856654167175293 189 -410
9.883525848388672 174 -564
9.9087393283844 161 -499
9.93433690071106 154 -269
9.960287094116211 154 -35
9.98622751235962 159 206
