0.005705833435058594 0 0
0.03115534782409668 0 2
0.05756068229675293 6 239
0.0832207202911377 17 447
0.10876345634460449 32 593
0.1347672939300537 49 660
0.16026067733764648 66 659
0.18716216087341309 82 613
0.21341991424560547 96 532
0.23798465728759766 108 458
0.2650330066680908 119 377
0.290816068649292 127 328
0.3174121379852295 135 280
0.3429553508758545 141 242
0.3682541847229004 146 218
0.39420008659362793 152 184
0.4204223155975342 156 159
0.44725942611694336 159 136
0.47278261184692383 162 122
0.49820923805236816 165 99
0.5241999626159668 167 87
0.5502135753631592 169 75
0.5772459506988525 171 68
0.6027100086212158 172 60
0.6281082630157471 174 54
0.65411376953125 175 47
0.6801714897155762 176 43
0.7070996761322021 177 34
0.7323975563049316 178 33
0.7579939365386963 178 30
0.784111499786377 179 26
0.8102610111236572 179 25
0.8372812271118164 180 22
0.8626224994659424 180 22
0.8880753517150879 180 13
0.9140629768371582 180 13
0.9403433799743652 180 13
0.9672646522521973 181 10
0.9926502704620361 182 16
1.0179903507232666 182 16
1.044011116027832 182 10
1.069786548614502 182 10
1.0957248210906982 182 7
1.1210529804229736 182 7
1.1478502750396729 182 2
1.1736960411071777 182 2
1.199497938156128 182 0
1.2256476879119873 182 0
1.2509901523590088 182 0
1.2774856090545654 182 0
1.3032755851745605 182 0
1.329512596130371 182 0
1.355139970779419 182 0
1.381873607635498 182 0
1.4078314304351807 182 0
1.433762788772583 182 0
1.4594321250915527 182 0
1.4850335121154785 182 0
1.5104188919067383 182 0
1.5379219055175781 182 0
1.5638258457183838 182 0
1.5907793045043945 182 0
1.6173415184020996 182 0
1.6427116394042969 182 0
1.6681201457977295 182 0
1.6941821575164795 182 0
1.7202067375183105 182 0
1.747103214263916 182 0
1.7723445892333984 182 0
1.7979836463928223 182 0
1.8250386714935303 182 0
1.8499329090118408 182 0
1.877258539199829 182 0
1.9011459350585938 182 0
1.928138017654419 182 0
1.954134464263916 182 0
1.9803013801574707 182 0
2.0072181224823 182 0
2.0327324867248535 182 0
2.058044672012329 182 0
2.08829402923584 182 0
2.114176034927368 182 0
2.1402456760406494 182 0
2.1671488285064697 182 0
2.192735195159912 182 0
2.2180657386779785 182 0
2.2441649436950684 182 0
2.2702391147613525 182 0
2.2972519397735596 182 0
2.322687864303589 182 0
2.348111629486084 182 0
2.3740952014923096 182 0
2.4003405570983887 182 0
2.4272212982177734 182 0
2.4526333808898926 182 0
2.4779903888702393 182 0
2.5040719509124756 182 0
2.530402183532715 182 0
2.557253122329712 182 0
2.5826501846313477 182 0
2.6079928874969482 182 0
2.634035110473633 182 0
2.660024404525757 182 0
2.686201572418213 182 0
2.711160182952881 182 0
2.7383105754852295 182 0
2.762911319732666 182 0
2.7892329692840576 182 0
2.814134359359741 182 0
2.8413777351379395 182 0
2.867704153060913 182 0
2.89342999458313 182 0
2.9190173149108887 182 0
2.944951295852661 182 0
2.9704086780548096 182 0
2.9973089694976807 182 0
3.022686719894409 182 0
3.0481600761413574 182 0
3.0741324424743652 182 0
3.1002790927886963 182 0
3.1271846294403076 182 0
3.152737855911255 182 0
3.1780402660369873 182 0
3.204131603240967 182 0
3.230239152908325 182 0
3.257261276245117 182 0
3.282648801803589 182 0
3.308149814605713 182 0
3.3341424465179443 182 0
3.3602523803710938 182 0
3.3871891498565674 182 0
3.412691593170166 182 0
3.4380242824554443 182 0
3.464118719100952 182 0
3.490260362625122 182 0
3.5172595977783203 182 0
3.5427086353302 182 0
3.5680270195007324 182 0
3.594036102294922 182 0
3.620278835296631 182 0
3.6471428871154785 182 0
3.672349452972412 182 0
3.698056936264038 182 0
3.724179744720459 182 0
3.7502338886260986 182 0
3.7771146297454834 182 0
3.803447723388672 182 0
3.82797908782959 182 0
3.855012893676758 182 0
3.879822015762329 182 0
3.907160520553589 182 0
3.932344675064087 182 0
3.9582512378692627 182 0
3.984187364578247 182 0
4.010270595550537 182 0
4.0371479988098145 182 0
4.062727928161621 182 0
4.088043212890625 182 0
4.114117383956909 182 0
4.1402668952941895 182 0
4.167279005050659 182 0
4.192662954330444 182 0
4.2180891036987305 182 0
4.244088888168335 182 0
4.270332098007202 182 0
4.297188997268677 182 0
4.322726011276245 182 0
4.348151922225952 182 0
4.374225378036499 182 0
4.400395154953003 182 0
4.427274465560913 182 0
4.4526588916778564 182 0
4.478073596954346 182 0
4.504147529602051 182 0
4.530194282531738 182 0
4.557124376296997 182 0
4.582708835601807 182 0
4.608003616333008 182 0
4.634958744049072 182 0
4.660698175430298 182 0
4.6872382164001465 182 0
4.7126688957214355 182 0
4.738052606582642 182 0
4.764072418212891 182 0
4.790116548538208 182 0
4.817027807235718 182 0
4.842130899429321 182 0
4.867994070053101 182 0
4.89814019203186 182 0
4.924217224121094 182 0
4.9502363204956055 182 0
4.977248668670654 182 0
5.0026609897613525 182 0
5.028116703033447 182 0
5.05409574508667 182 0
5.0803632736206055 182 0
5.107216835021973 182 0
5.132756233215332 182 0
5.158074378967285 182 0
5.184167385101318 182 0
5.210239410400391 182 0
5.237245559692383 182 0
5.262659549713135 182 0
5.288130760192871 182 0
5.314701557159424 182 0
5.340285778045654 182 0
5.367198467254639 182 0
5.392722129821777 182 0
5.41804313659668 182 0
5.444154500961304 182 0
5.470248460769653 182 0
5.49760890007019 182 0
5.523251056671143 182 0
5.548883438110352 182 0
5.574270486831665 182 0
5.6003851890563965 182 0
5.627245664596558 182 0
5.652419090270996 182 0
5.678014755249023 182 0
5.704070806503296 182 0
5.730256080627441 182 0
5.757131338119507 182 0
5.783468961715698 182 0
5.807998895645142 182 0
5.834910154342651 182 0
5.860677242279053 182 0
5.887369155883789 182 0
5.9127421379089355 182 0
5.93816065788269 182 0
5.964149475097656 182 0
5.990355730056763 182 0
6.017226934432983 182 0
6.0427398681640625 182 0
6.068084716796875 182 0
6.094178199768066 182 0
6.120352029800415 182 0
6.147349834442139 182 0
6.172713279724121 182 0
6.198118209838867 182 0
6.224108457565308 182 0
6.250362157821655 182 0
6.277228355407715 182 0
6.302761793136597 182 0
6.328087568283081 182 0
6.354175806045532 182 0
6.38036847114563 182 0
6.4073216915130615 182 0
6.432648658752441 182 0
6.4581170082092285 182 0
6.484129190444946 182 0
6.510314226150513 182 0
6.537338018417358 182 0
6.5629496574401855 182 0
6.5882158279418945 182 0
6.614158868789673 182 0
6.6403679847717285 182 0
6.667234897613525 182 0
6.692763328552246 182 0
6.718091726303101 182 0
6.744161605834961 182 0
6.7702600955963135 182 0
6.797260284423828 182 0
6.82267427444458 182 0
6.848102807998657 182 0
6.874096393585205 182 0
6.904080152511597 182 0
6.930418491363525 182 0
6.957280874252319 182 0
6.982700347900391 182 0
7.008117437362671 182 0
7.034075975418091 182 0
7.06069803237915 182 0
7.0872251987457275 182 0
7.112668514251709 182 0
7.1379945278167725 182 0
7.164210557937622 182 0
7.19022274017334 182 0
7.2171478271484375 182 0
7.242358446121216 182 0
7.267998456954956 182 0
7.2940123081207275 182 0
7.319876432418823 182 0
7.347316265106201 182 0
7.371389150619507 182 0
7.39894962310791 182 0
7.423518657684326 182 0
7.449908018112183 182 0
7.47663950920105 182 0
7.501642942428589 182 0
7.527878761291504 182 0
7.553830862045288 182 0
7.579534292221069 182 0
7.60625433921814 182 0
7.631052732467651 182 0
7.657526731491089 182 0
7.682756185531616 182 0
7.708156585693359 182 0
7.734126567840576 182 0
7.760722398757935 182 0
7.7872326374053955 182 0
7.812760353088379 182 0
7.838074684143066 182 0
7.864168167114258 182 0
7.890196800231934 182 0
7.917230606079102 182 0
7.942645072937012 182 0
7.968106031417847 182 0
7.9940807819366455 182 0
8.020374059677124 182 0
8.047246932983398 182 0
8.072770118713379 182 0
8.098077774047852 182 0
8.124083518981934 182 0
8.150085687637329 182 0
8.177124500274658 182 0
8.20231008529663 182 0
8.228228569030762 182 0
8.254178762435913 182 0
8.280242681503296 182 0
8.307132005691528 182 0
8.332359313964844 182 0
8.358075380325317 182 0
8.384288787841797 182 0
8.410358667373657 182 0
8.437354326248169 182 0
8.464239358901978 182 0
8.517956256866455 182 0
8.560147762298584 182 0
8.587077379226685 182 0
8.612367868423462 182 0
8.63799238204956 182 0
8.663982152938843 182 0
8.689958572387695 182 0
8.716771602630615 182 0
8.741551399230957 182 0
8.768949270248413 182 0
8.793904781341553 182 0
8.820343017578125 182 0
8.84518027305603 182 0
8.871987104415894 182 0
8.899439573287964 182 0
8.924927234649658 182 0
8.950688123703003 182 0
8.977302312850952 182 0
9.002683401107788 182 0
9.028123378753662 182 0
9.054099559783936 182 0
9.080721855163574 182 0
9.10722827911377 182 0
9.132760286331177 182 0
9.158093929290771 182 0
9.184181451797485 182 0
9.210150718688965 182 0
9.237193584442139 182 0
9.262397289276123 182 0
9.288061141967773 182 0
9.314144849777222 182 0
9.34022045135498 182 0
9.367131233215332 182 0
9.392677545547485 182 0
9.418031215667725 182 0
9.44412636756897 182 0
9.470112562179565 182 0
9.497130155563354 182 0
9.522312641143799 182 0
9.548001766204834 182 0
9.57402777671814 182 0
9.599892854690552 182 0
9.62669038772583 182 0
9.651541948318481 182 0
9.677713871002197 182 0
9.7035813331604 182 0
9.729414224624634 182 0
9.754803657531738 182 0
9.780232191085815 182 0
9.807176113128662 182 0
9.832398891448975 182 0
9.857962608337402 182 0
9.885029792785645 182 0
9.909911632537842 182 0
9.937500953674316 182 0
9.962782144546509 182 0
9.988203525543213 182 0
