0.006158113479614258 0 0
0.03276562690734863 1 6
0.057852983474731445 8 259
0.08392643928527832 20 468
0.10974550247192383 34 595
0.13547658920288086 51 662
0.16280484199523926 69 661
0.1880347728729248 86 612
0.21398687362670898 99 520
0.24005985260009766 111 424
0.26665449142456055 120 369
0.2933049201965332 129 318
0.3187270164489746 135 272
0.34412074089050293 142 232
0.3701202869415283 147 205
0.39635443687438965 151 173
0.42322874069213867 155 148
0.44886159896850586 159 135
0.4740760326385498 162 119
0.5001833438873291 165 104
0.5261869430541992 167 99
0.553581953048706 169 81
0.5789146423339844 171 59
0.604107141494751 172 55
0.6300952434539795 173 51
0.6561510562896729 174 45
0.6832165718078613 175 42
0.7086255550384521 176 36
0.7339847087860107 177 34
0.7599871158599854 177 34
0.7858719825744629 178 22
0.811659574508667 178 21
0.8369364738464355 179 21
0.8637757301330566 179 22
0.8903210163116455 179 22
0.9152991771697998 179 12
0.9421942234039307 180 12
0.9670729637145996 180 11
0.9935660362243652 181 13
1.0189099311828613 181 13
1.0442118644714355 181 13
1.0702595710754395 181 6
1.0964112281799316 181 6
1.1232330799102783 181 2
1.1488604545593262 181 2
1.1740837097167969 181 0
1.2001829147338867 181 0
1.2261357307434082 181 0
1.2531542778015137 181 0
1.278367042541504 181 0
1.304084300994873 181 0
1.3300831317901611 181 0
1.3563337326049805 181 0
1.383213758468628 181 0
1.4087519645690918 181 0
1.4340488910675049 181 0
1.4601356983184814 181 0
1.486356258392334 181 0
1.513319492340088 181 0
1.538750410079956 181 0
1.5641322135925293 181 0
1.590118646621704 181 0
1.6163365840911865 181 0
1.6432318687438965 181 0
1.668630599975586 181 0
1.6940326690673828 181 0
1.7200448513031006 181 0
1.7463254928588867 181 0
1.7731952667236328 181 0
1.7984123229980469 181 0
1.8240046501159668 181 0
1.8499979972839355 181 0
1.8759934902191162 181 0
1.9022502899169922 181 0
1.9270732402801514 181 0
1.9534809589385986 181 0
1.978938341140747 181 0
2.004138708114624 181 0
2.03013014793396 181 0
2.057382106781006 181 0
2.083148241043091 181 0
2.1090750694274902 181 0
2.134232997894287 181 0
2.1636550426483154 181 0
2.1889407634735107 181 0
2.214263916015625 181 0
2.2402992248535156 181 0
2.2662816047668457 181 0
2.2931759357452393 181 0
2.31874418258667 181 0
2.3439934253692627 181 0
2.369980573654175 181 0
2.395968198776245 181 0
2.4223897457122803 181 0
2.447172164916992 181 0
2.4738354682922363 181 0
2.4996843338012695 181 0
2.525458335876465 181 0
2.551271438598633 181 0
2.5771920680999756 181 0
2.6047279834747314 181 0
2.6292054653167725 181 0
2.655486822128296 181 0
2.6807339191436768 181 0
2.707392930984497 181 0
2.7336461544036865 181 0
2.7594199180603027 181 0
2.784998655319214 181 0
2.8108508586883545 181 0
2.8362784385681152 181 0
2.863281011581421 181 0
2.8887102603912354 181 0
2.914142370223999 181 0
2.9401168823242188 181 0
2.9760642051696777 181 0
2.99894642829895 181 0
3.0290768146514893 181 0
3.059274435043335 181 0
3.087615728378296 181 0
3.1138803958892822 181 0
3.1673221588134766 181 0
3.194150447845459 181 0
3.2202212810516357 181 0
3.2463836669921875 181 0
3.2732672691345215 181 0
3.2986748218536377 181 0
3.3241333961486816 181 0
3.350098133087158 181 0
3.376332998275757 181 0
3.40321683883667 181 0
3.4287564754486084 181 0
3.4540610313415527 181 0
3.4801433086395264 181 0
3.506106376647949 181 0
3.5331287384033203 181 0
3.5583460330963135 181 0
3.5840651988983154 181 0
3.610067844390869 181 0
3.63630747795105 181 0
3.6631975173950195 181 0
3.6884124279022217 181 0
3.713996648788452 181 0
3.739996910095215 181 0
3.765772819519043 181 0
3.7916927337646484 181 0
3.8170340061187744 181 0
3.84376859664917 181 0
3.869631290435791 181 0
3.8957016468048096 181 0
3.922366142272949 181 0
3.947193145751953 181 0
3.9748315811157227 181 0
3.9993417263031006 181 0
4.025824785232544 181 0
4.050739765167236 181 0
4.077334880828857 181 0
4.103127479553223 181 0
4.129008769989014 181 0
4.1541619300842285 181 0
4.180242538452148 181 0
4.2063751220703125 181 0
4.233262300491333 181 0
4.25867223739624 181 0
4.28406548500061 181 0
4.310065269470215 181 0
4.336110830307007 181 0
4.3630430698394775 181 0
4.388332366943359 181 0
4.413881063461304 181 0
4.439787864685059 181 0
4.465428113937378 181 0
4.491039276123047 181 0
4.516745090484619 181 0
4.543281316757202 181 0
4.568680047988892 181 0
4.594096899032593 181 0
4.620086908340454 181 0
4.6463658809661865 181 0
4.673255443572998 181 0
4.698758125305176 181 0
4.724072217941284 181 0
4.750161170959473 181 0
4.776260137557983 181 0
4.803262233734131 181 0
4.828673362731934 181 0
4.854116439819336 181 0
4.880102872848511 181 0
4.906184673309326 181 0
4.933095693588257 181 0
4.958336353302002 181 0
4.983943939208984 181 0
5.009763717651367 181 0
5.0354228019714355 181 0
5.060973882675171 181 0
5.086820363998413 181 0
5.113264083862305 181 0
5.138675928115845 181 0
5.163990259170532 181 0
5.190002918243408 181 0
5.2159247398376465 181 0
5.243479251861572 181 0
5.26757287979126 181 0
5.294912576675415 181 0
5.319815635681152 181 0
5.346338987350464 181 0
5.373202562332153 181 0
5.39875602722168 181 0
5.424066066741943 181 0
5.45014762878418 181 0
5.487176418304443 181 0
5.508646488189697 181 0
5.534005880355835 181 0
5.560081720352173 181 0
5.586334943771362 181 0
5.613356351852417 181 0
5.638711929321289 181 0
5.664119005203247 181 0
5.69011116027832 181 0
5.716328859329224 181 0
5.743204355239868 181 0
5.768863201141357 181 0
5.794071435928345 181 0
5.821032762527466 181 0
5.846770524978638 181 0
5.873250246047974 181 0
5.8986616134643555 181 0
5.924010515213013 181 0
5.950024604797363 181 0
5.9759228229522705 181 0
6.002674579620361 181 0
6.0274786949157715 181 0
6.053678512573242 181 0
6.079553842544556 181 0
6.106074571609497 181 0
6.130798816680908 181 0
6.15732741355896 181 0
6.183122158050537 181 0
6.209328651428223 181 0
6.234950542449951 181 0
6.2608962059021 181 0
6.286672115325928 181 0
6.313337087631226 181 0
6.338746070861816 181 0
6.364129066467285 181 0
6.390106439590454 181 0
6.416336536407471 181 0
6.443215608596802 181 0
6.46874737739563 181 0
6.494073867797852 181 0
6.520153045654297 181 0
6.546376943588257 181 0
6.573258638381958 181 0
6.598655939102173 181 0
6.624101161956787 181 0
6.650092840194702 181 0
6.676312685012817 181 0
6.703260898590088 181 0
6.7288782596588135 181 0
6.754087209701538 181 0
6.78016996383667 181 0
6.806236743927002 181 0
6.833237171173096 181 0
6.85863995552063 181 0
6.884089469909668 181 0
6.910088062286377 181 0
6.937031507492065 181 0
6.964123010635376 181 0
6.989097833633423 181 0
7.014216661453247 181 0
7.040167570114136 181 0
7.066191911697388 181 0
7.0932042598724365 181 0
7.123445510864258 181 0
7.14687442779541 181 0
7.173396587371826 181 0
7.198941946029663 181 0
7.226316213607788 181 0
7.2532031536102295 181 0
7.2788896560668945 181 0
7.304143905639648 181 0
7.330254554748535 181 0
7.3562703132629395 181 0
7.3832690715789795 181 0
7.408684015274048 181 0
7.434088230133057 181 0
7.460087299346924 181 0
7.4868738651275635 181 0
7.513284921646118 181 0
7.5386950969696045 181 0
7.564033031463623 181 0
7.5900444984436035 181 0
7.615999937057495 181 0
7.642354249954224 181 0
7.6673619747161865 181 0
7.69367790222168 181 0
7.719301700592041 181 0
7.744927883148193 181 0
7.770746231079102 181 0
7.796233415603638 181 0
7.823898553848267 181 0
7.848369121551514 181 0
7.875242710113525 181 0
7.899780988693237 181 0
7.926214933395386 181 0
7.950992822647095 181 0
7.97782301902771 181 0
8.003824234008789 181 0
8.029732465744019 181 0
8.055504322052002 181 0
8.081735372543335 181 0
8.106950521469116 181 0
8.133458375930786 181 0
8.158740282058716 181 0
8.184146881103516 181 0
8.21012282371521 181 0
8.236705303192139 181 0
8.263227939605713 181 0
8.289139032363892 181 0
8.314225912094116 181 0
8.34028935432434 181 0
8.36623239517212 181 0
8.393233299255371 181 0
8.418675899505615 181 0
8.444095611572266 181 0
8.470076322555542 181 0
8.496325731277466 181 0
8.523204803466797 181 0
8.548755645751953 181 0
8.574055671691895 181 0
8.600157976150513 181 0
8.626267194747925 181 0
8.653249025344849 181 0
8.678694248199463 181 0
8.709001302719116 181 0
8.734147787094116 181 0
8.760144710540771 181 0
8.786240100860596 181 0
8.813148260116577 181 0
8.839379072189331 181 0
8.864001035690308 181 0
8.891053915023804 181 0
8.915832996368408 181 0
8.943232297897339 181 0
8.977386474609375 181 0
8.997514963150024 181 0
9.023909091949463 181 0
9.052234888076782 181 0
9.079625844955444 181 0
9.106801986694336 181 0
9.155864000320435 181 0
9.181243181228638 181 0
9.206977367401123 181 0
9.233348369598389 181 0
9.25894808769226 181 0
9.284125804901123 181 0
9.310202360153198 181 0
9.336210489273071 181 0
9.363251447677612 181 0
9.388615369796753 181 0
9.41407060623169 181 0
9.440075159072876 181 0
9.46631121635437 181 0
9.493324756622314 181 0
9.518735647201538 181 0
9.544198036193848 181 0
9.570162057876587 181 0
9.596181392669678 181 0
9.623098850250244 181 0
9.648317575454712 181 0
9.673921585083008 181 0
9.699745416641235 181 0
9.725427865982056 181 0
9.751712322235107 181 0
9.776960849761963 181 0
9.804123401641846 181 0
9.82873821258545 181 0
9.855321168899536 181 0
9.880051612854004 181 0
9.90729832649231 181 0
9.933619260787964 181 0
9.959341526031494 181 0
9.985151767730713 181 0
