0.0055043697357177734 0 0
0.03105950355529785 1 6
0.05792522430419922 7 260
0.08355283737182617 19 457
0.10878610610961914 34 595
0.13488459587097168 51 649
0.1608572006225586 67 654
0.18787097930908203 83 604
0.21306133270263672 97 528
0.23871517181396484 109 452
0.2694885730743408 121 364
0.2907998561859131 128 321
0.31706857681274414 135 271
0.34201669692993164 141 241
0.36829638481140137 146 210
0.39363884925842285 151 184
0.41883373260498047 155 159
0.44558095932006836 158 129
0.4709928035736084 161 119
0.49790048599243164 164 98
0.52333664894104 166 91
0.5486693382263184 168 85
0.5744647979736328 170 68
0.6004490852355957 171 60
0.6279628276824951 173 53
0.6518144607543945 174 49
0.6789674758911133 175 45
0.7038629055023193 176 36
0.7302768230438232 177 33
0.7549853324890137 177 33
0.7810032367706299 177 19
0.8079025745391846 178 17
0.8335411548614502 179 42
0.8587777614593506 179 42
0.8848676681518555 179 16
0.91094970703125 179 16
0.9379580020904541 179 7
0.9633834362030029 179 7
0.9888160228729248 179 3
1.0147974491119385 179 3
1.0408620834350586 180 6
1.0713300704956055 181 19
1.0933098793029785 181 19
1.1187005043029785 181 19
1.144768476486206 180 4
1.1705257892608643 181 4
1.196939468383789 181 4
1.2218430042266846 181 0
1.2483234405517578 181 0
1.2736380100250244 181 0
1.298933982849121 181 0
1.324887752532959 181 2
1.3509278297424316 181 2
1.3778245449066162 181 0
1.4033565521240234 181 0
1.4287004470825195 181 0
1.4547934532165527 181 0
1.481328010559082 181 0
1.5080287456512451 181 0
1.5335297584533691 181 0
1.5587480068206787 181 0
1.5847499370574951 181 0
1.6108505725860596 181 0
1.637770175933838 181 0
1.66286301612854 181 0
1.688608169555664 181 0
1.714442253112793 181 0
1.7401225566864014 181 0
1.7656621932983398 181 0
1.7913503646850586 181 0
1.8179492950439453 181 0
1.84340500831604 181 0
1.8687267303466797 181 0
1.8957743644714355 181 0
1.9205024242401123 181 0
1.9480361938476562 181 0
1.9720287322998047 181 0
1.9993937015533447 181 0
2.025023937225342 181 0
2.0514979362487793 181 0
2.0779318809509277 181 0
2.103553533554077 181 0
2.1287834644317627 181 0
2.1548752784729004 181 0
2.1808316707611084 181 0
2.2078540325164795 181 0
2.2330565452575684 181 0
2.258789539337158 181 0
2.284851312637329 181 0
2.3109724521636963 181 0
2.3378541469573975 181 0
2.36338472366333 181 0
2.3887250423431396 181 0
2.4148268699645996 181 0
2.4408071041107178 181 0
2.4678149223327637 181 0
2.4929633140563965 181 0
2.518653154373169 181 0
2.5444631576538086 181 0
2.5702130794525146 181 0
2.5969159603118896 181 0
2.621816396713257 181 0
2.6481921672821045 181 0
2.6778013706207275 181 0
2.6988039016723633 181 0
2.7248988151550293 181 0
2.75089955329895 181 0
2.777888536453247 181 0
2.8033041954040527 181 0
2.828677177429199 181 0
2.8546621799468994 181 0
2.8805129528045654 181 0
2.9070775508880615 181 0
2.9320452213287354 181 0
2.9583258628845215 181 0
2.9841885566711426 181 0
3.00994610786438 181 0
3.035414695739746 181 0
3.0609488487243652 181 0
3.0879364013671875 181 0
3.114173412322998 181 0
3.1387014389038086 181 0
3.165678024291992 181 0
3.1906561851501465 181 0
3.217690944671631 181 0
3.242508888244629 181 0
3.2688121795654297 181 0
3.2948012351989746 181 0
3.3210742473602295 181 0
3.34794545173645 181 0
3.3735952377319336 181 0
3.3988099098205566 181 0
3.4248812198638916 181 0
3.4508519172668457 181 0
3.4814260005950928 181 0
3.5030553340911865 181 0
3.5287511348724365 181 0
3.5547871589660645 181 0
3.5808353424072266 181 0
3.607816696166992 181 0
3.6333200931549072 181 0
3.658708333969116 181 0
3.684785842895508 181 0
3.710928201675415 181 0
3.7379610538482666 181 0
3.7633395195007324 181 0
3.788768768310547 181 0
3.8147594928741455 181 0
3.8410043716430664 181 0
3.8678998947143555 181 0
3.8935153484344482 181 0
3.91876482963562 181 0
3.9449775218963623 181 0
3.9713125228881836 181 0
3.9979283809661865 181 0
4.023346662521362 181 0
4.048704147338867 181 0
4.074726819992065 181 0
4.100547552108765 181 0
4.1268556118011475 181 0
4.1517415046691895 181 0
4.178160905838013 181 0
4.203545331954956 181 0
4.228798151016235 181 0
4.254801988601685 181 0
4.284457683563232 181 0
4.309576749801636 181 0
4.335000038146973 181 0
4.360983848571777 181 0
4.387975692749023 181 0
4.413386821746826 181 0
4.438819885253906 181 0
4.46480917930603 181 0
4.490842819213867 181 0
4.517772674560547 181 0
4.543047904968262 181 0
4.56856369972229 181 0
4.594507694244385 181 0
4.620307922363281 181 0
4.645925998687744 181 0
4.671560525894165 181 0
4.698002815246582 181 0
4.723395347595215 181 0
4.748802900314331 181 0
4.7748260498046875 181 0
4.80087947845459 181 0
4.827911853790283 181 0
4.853550672531128 181 0
4.878863096237183 181 0
4.904855012893677 181 0
4.930912971496582 181 0
4.95783805847168 181 0
4.983342885971069 181 0
5.008727312088013 181 0
5.034792184829712 181 0
5.061052322387695 181 0
5.0880286693573 181 0
5.113425254821777 181 0
5.138859033584595 181 0
5.164848566055298 181 0
5.190906047821045 181 0
5.217801809310913 181 0
5.2433180809021 181 0
5.268719673156738 181 0
5.294806241989136 181 0
5.320773363113403 181 0
5.347772836685181 181 0
5.372635841369629 181 0
5.398753881454468 181 0
5.424739360809326 181 0
5.450982332229614 181 0
5.477871656417847 181 0
5.503653526306152 181 0
5.528845310211182 181 0
5.554977893829346 181 0
5.580966234207153 181 0
5.60796046257019 181 0
5.633406639099121 181 0
5.658731698989868 181 0
5.684725522994995 181 0
5.7105677127838135 181 0
5.736910343170166 181 0
5.761728286743164 181 0
5.788152694702148 181 0
5.813555479049683 181 0
5.838789463043213 181 0
5.865518093109131 181 0
5.892421245574951 181 0
5.917936325073242 181 0
5.943828105926514 181 0
5.968939542770386 181 0
5.9949986934661865 181 0
6.021066188812256 181 0
6.048032283782959 181 0
6.073396682739258 181 0
6.09881854057312 181 0
6.124839544296265 181 0
6.150886535644531 181 0
6.177815198898315 181 0
6.203332424163818 181 0
6.228715419769287 181 0
6.254787921905518 181 0
6.280768632888794 181 0
6.307637929916382 181 0
6.332457065582275 181 0
6.364036798477173 181 0
6.384440183639526 181 0
6.410144090652466 181 0
6.437435626983643 181 0
6.4624481201171875 181 0
6.488523483276367 181 0
6.514428615570068 181 0
6.540102005004883 181 0
6.567511558532715 181 0
6.592420816421509 181 0
6.618590354919434 181 0
6.644455909729004 181 0
6.670114755630493 181 0
6.697468996047974 181 0
6.722218990325928 181 0
6.748427391052246 181 0
6.774284362792969 181 0
6.800098419189453 181 0
6.825514554977417 181 0
6.851015567779541 181 0
6.877889633178711 181 0
6.903288125991821 181 0
6.9287261962890625 181 0
6.954737186431885 181 0
6.980717182159424 181 0
7.006868124008179 181 0
7.03169584274292 181 0
7.058858156204224 181 0
7.083532810211182 181 0
7.109995126724243 181 0
7.13496470451355 181 0
7.1621363162994385 181 0
7.188326358795166 181 0
7.214025020599365 181 0
7.239662170410156 181 0
7.265357971191406 181 0
7.290943384170532 181 0
7.317979574203491 181 0
7.343424558639526 181 0
7.36882758140564 181 0
7.394800186157227 181 0
7.4208433628082275 181 0
7.447749853134155 181 0
7.473040580749512 181 0
7.49862813949585 181 0
7.5245115756988525 181 0
7.55017876625061 181 0
7.57754373550415 181 0
7.602435350418091 181 0
7.628596782684326 181 0
7.654428720474243 181 0
7.6801300048828125 181 0
7.707440376281738 181 0
7.732453346252441 181 0
7.758499383926392 181 0
7.784454107284546 181 0
7.810125112533569 181 0
7.837513208389282 181 0
7.862250566482544 181 0
7.888463020324707 181 0
7.914284944534302 181 0
7.940168857574463 181 0
7.967316627502441 181 0
7.992144584655762 181 0
8.018342733383179 181 0
8.044172525405884 181 0
8.069850206375122 181 0
8.095457315444946 181 0
8.121405839920044 181 0
8.147953510284424 181 0
8.173362016677856 181 0
8.198712587356567 181 0
8.225755214691162 181 0
8.250492334365845 181 0
8.278039455413818 181 0
8.302123308181763 181 0
8.328919410705566 181 0
8.354873895645142 181 0
8.380928754806519 181 0
8.407820701599121 181 0
8.433386087417603 181 0
8.458704471588135 181 0
8.48482060432434 181 0
8.510785818099976 181 0
8.537792205810547 181 0
8.562629461288452 181 0
8.588742971420288 181 0
8.614825963973999 181 0
8.640860557556152 181 0
8.66778039932251 181 0
8.697562217712402 181 0
8.718576192855835 181 0
8.744480848312378 181 0
8.770380735397339 181 0
8.79701852798462 181 0
8.822026491165161 181 0
8.848400354385376 181 0
8.874039888381958 181 0
8.899813890457153 181 0
8.925007820129395 181 0
8.951051950454712 181 0
8.977940559387207 181 0
9.003539562225342 181 0
9.028779745101929 181 0
9.054866552352905 181 0
9.080954790115356 181 0
9.107932329177856 181 0
9.133334159851074 181 0
9.158737182617188 181 0
9.184720277786255 181 0
9.210580110549927 181 0
9.236911058425903 181 0
9.261765718460083 181 0
9.288203716278076 181 0
9.313812971115112 181 0
9.338927984237671 181 0
9.36563229560852 181 0
9.392258167266846 181 0
9.417937755584717 181 0
9.444236516952515 181 0
9.468722343444824 181 0
9.500136613845825 181 0
9.527002573013306 181 0
9.552000999450684 181 0
9.578275203704834 181 0
9.603678941726685 181 0
9.628875017166138 181 0
9.654958486557007 181 0
9.68105149269104 181 0
9.70802617073059 181 0
9.733399868011475 181 0
9.758927583694458 181 0
9.7847900390625 181 0
9.810853481292725 181 0
9.83775782585144 181 0
9.863073348999023 181 0
9.888583183288574 181 0
9.914485931396484 181 0
9.940473318099976 181 0
9.967074155807495 181 0
9.992004632949829 181 0
