0.00690913200378418 0 0
0.028079986572265625 0 2
0.049167633056640625 4 97
0.06981825828552246 10 314
0.09032678604125977 20 446
0.11207747459411621 32 526
0.13316011428833008 43 589
0.15369009971618652 56 634
0.17464041709899902 71 674
0.19534635543823242 85 698
0.21676301956176758 100 719
0.2378065586090088 115 721
0.25969862937927246 130 683
0.2793879508972168 143 643
0.299999475479126 155 575
0.32063841819763184 166 496
0.3422377109527588 175 421
0.36357808113098145 182 338
0.3844313621520996 186 248
0.40520739555358887 190 174
0.4261324405670166 192 95
0.4467036724090576 193 65
0.4677736759185791 193 21
0.4886898994445801 192 -20
0.5094149112701416 191 -41
0.5300254821777344 190 -48
0.5505368709564209 188 -56
0.5725302696228027 188 -56
0.5937111377716064 186 -52
0.6154425144195557 186 -51
0.6355719566345215 185 -41
0.6561183929443359 184 -37
0.6768112182617188 184 -37
0.6978421211242676 183 -25
0.7188265323638916 183 -25
0.7394096851348877 183 -25
0.7601189613342285 183 -17
0.7805769443511963 182 -15
0.8027539253234863 182 -15
0.8237676620483398 182 -9
0.8444530963897705 182 -9
0.8652513027191162 182 -9
0.8861467838287354 182 -5
0.9067955017089844 182 -5
0.9278910160064697 182 -2
0.9487924575805664 182 -2
0.9701297283172607 182 0
0.9900243282318115 182 0
1.0105469226837158 182 0
1.032170057296753 182 0
1.0532402992248535 182 0
1.0742192268371582 182 0
1.0944969654083252 182 0
1.1152966022491455 182 0
1.1358990669250488 182 0
1.1567261219024658 182 0
1.177781105041504 182 0
1.1987345218658447 182 0
1.2193715572357178 182 0
1.2399914264678955 182 0
1.2636444568634033 182 0
1.2834033966064453 182 0
1.3036293983459473 182 0
1.3253304958343506 182 0
1.3459501266479492 182 0
1.3667261600494385 182 0
1.3888702392578125 182 0
1.4094786643981934 182 0
1.4301788806915283 182 0
1.4506587982177734 182 0
1.472795009613037 182 0
1.4937827587127686 182 0
1.5144720077514648 182 0
1.5353388786315918 182 0
1.556609869003296 182 0
1.5785915851593018 182 0
1.5987794399261475 182 0
1.6194005012512207 182 0
1.640103816986084 182 0
1.6646993160247803 182 0
1.684870958328247 182 0
1.7057793140411377 182 0
1.7279400825500488 182 0
1.7487735748291016 182 0
1.7720448970794678 182 0
1.7901952266693115 182 0
1.8129048347473145 182 0
1.8361830711364746 182 0
1.8665063381195068 182 0
1.9037771224975586 182 0
1.9528610706329346 182 0
1.982935905456543 182 0
2.0036237239837646 182 0
2.0244503021240234 182 0
2.0452516078948975 182 0
2.066267967224121 182 0
2.0880167484283447 182 0
2.1082406044006348 182 0
2.1292169094085693 182 0
2.1499202251434326 182 0
2.1704158782958984 182 0
2.1921465396881104 182 0
2.213409900665283 182 0
2.233628988265991 182 0
2.254450559616089 182 0
2.27522611618042 182 0
2.2959327697753906 182 0
2.3166990280151367 182 0
2.337724447250366 182 0
2.3585710525512695 182 0
2.3794844150543213 182 0
2.4001572132110596 182 0
2.4206700325012207 182 0
2.4436683654785156 182 0
2.4680182933807373 182 0
2.4882795810699463 182 0
2.5092785358428955 182 0
2.529892683029175 182 0
2.550485134124756 182 0
2.5721435546875 182 0
2.5933518409729004 182 0
2.613801956176758 182 0
2.634584426879883 182 0
2.6553916931152344 182 0
2.6766879558563232 182 0
2.697813034057617 182 0
2.7186737060546875 182 0
2.7394678592681885 182 0
2.760187864303589 182 0
2.7806880474090576 182 0
2.8028924465179443 182 0
2.823666572570801 182 0
2.8444747924804688 182 0
2.868128776550293 182 0
2.888502836227417 182 0
2.9095029830932617 182 0
2.930044651031494 182 0
2.9518191814422607 182 0
2.972712993621826 182 0
2.9937124252319336 182 0
3.014561176300049 182 0
3.0352957248687744 182 0
3.056307792663574 182 0
3.0769243240356445 182 0
3.0979440212249756 182 0
3.1188485622406006 182 0
3.139453887939453 182 0
3.1601321697235107 182 0
3.180670976638794 182 0
3.2037787437438965 182 0
3.223538637161255 182 0
3.2444348335266113 182 0
3.269876003265381 182 0
3.289360761642456 182 0
3.310053825378418 182 0
3.3305821418762207 182 0
3.352905511856079 182 0
3.3735501766204834 182 0
3.3944013118743896 182 0
3.415217876434326 182 0
3.4358718395233154 182 0
3.4576117992401123 182 0
3.477506399154663 182 0
3.4984889030456543 182 0
3.5194718837738037 182 0
3.540067672729492 182 0
3.560675621032715 182 0
3.5828211307525635 182 0
3.603663444519043 182 0
3.624481201171875 182 0
3.6452949047088623 182 0
3.670318126678467 182 0
3.690439462661743 182 0
3.712785482406616 182 0
3.733550548553467 182 0
3.7543981075286865 182 0
3.7752859592437744 182 0
3.7962634563446045 182 0
3.816938638687134 182 0
3.8379743099212646 182 0
3.858853816986084 182 0
3.879464864730835 182 0
3.9000916481018066 182 0
3.9206583499908447 182 0
3.943160057067871 182 0
3.9645447731018066 182 0
3.984478712081909 182 0
4.005292654037476 182 0
4.026318550109863 182 0
4.0472633838653564 182 0
4.073665142059326 182 0
4.09326958656311 182 0
4.113641977310181 182 0
4.134586334228516 182 0
4.155320167541504 182 0
4.176349639892578 182 0
4.199510335922241 182 0
4.2202184200286865 182 0
4.241769313812256 182 0
4.262746334075928 182 0
4.283529281616211 182 0
4.304385423660278 182 0
4.325243711471558 182 0
4.345900058746338 182 0
4.366525888442993 182 0
4.387559652328491 182 0
4.408553123474121 182 0
4.429491758346558 182 0
4.4500572681427 182 0
4.473588943481445 182 0
4.493830680847168 182 0
4.514434576034546 182 0
4.535759925842285 182 0
4.556331157684326 182 0
4.577394485473633 182 0
4.598035097122192 182 0
4.619354963302612 182 0
4.639981508255005 182 0
4.660418510437012 182 0
4.681865930557251 182 0
4.70271897315979 182 0
4.724364519119263 182 0
4.744434833526611 182 0
4.765270471572876 182 0
4.785930395126343 182 0
4.806796073913574 182 0
4.827890396118164 182 0
4.8487701416015625 182 0
4.8761420249938965 182 0
4.894412994384766 182 0
4.914718866348267 182 0
4.935658693313599 182 0
4.956149578094482 182 0
4.977823972702026 182 0
4.99773907661438 182 0
5.018594741821289 182 0
5.039502859115601 182 0
5.060107946395874 182 0
5.081279993057251 182 0
5.102534055709839 182 0
5.123508930206299 182 0
5.144486427307129 182 0
5.16530966758728 182 0
5.186153411865234 182 0
5.206711053848267 182 0
5.227728605270386 182 0
5.248594522476196 182 0
5.275755167007446 182 0
5.290024518966675 182 0
5.310570001602173 182 0
5.333805322647095 182 0
5.353553533554077 182 0
5.374389886856079 182 0
5.395298004150391 182 0
5.416259050369263 182 0
5.436919212341309 182 0
5.457953691482544 182 0
5.478836297988892 182 0
5.499456405639648 182 0
5.520080327987671 182 0
5.540661096572876 182 0
5.56318473815918 182 0
5.583558797836304 182 0
5.604426145553589 182 0
5.625210285186768 182 0
5.645918130874634 182 0
5.666697978973389 182 0
5.689145803451538 182 0
5.70879602432251 182 0
5.729426383972168 182 0
5.750096797943115 182 0
5.77056622505188 182 0
5.792790651321411 182 0
5.813714504241943 182 0
5.834533452987671 182 0
5.856040954589844 182 0
5.876742839813232 182 0
5.897819519042969 182 0
5.918691158294678 182 0
5.9395129680633545 182 0
5.960116147994995 182 0
5.98065710067749 182 0
6.002865552902222 182 0
6.023621082305908 182 0
6.045242071151733 182 0
6.066251754760742 182 0
6.086780309677124 182 0
6.107779026031494 182 0
6.1286749839782715 182 0
6.149513244628906 182 0
6.170193195343018 182 0
6.191816091537476 182 0
6.212825775146484 182 0
6.233800172805786 182 0
6.254487991333008 182 0
6.2752885818481445 182 0
6.297396183013916 182 0
6.316810369491577 182 0
6.337838411331177 182 0
6.358813047409058 182 0
6.379394054412842 182 0
6.400134563446045 182 0
6.420642852783203 182 0
6.442822217941284 182 0
6.463595628738403 182 0
6.484700679779053 182 0
6.505464553833008 182 0
6.526710510253906 182 0
6.547706604003906 182 0
6.568853855133057 182 0
6.589460611343384 182 0
6.610151529312134 182 0
6.630659103393555 182 0
6.653905630111694 182 0
6.674495458602905 182 0
6.695284128189087 182 0
6.717413425445557 182 0
6.738323926925659 182 0
6.759531736373901 182 0
6.7801361083984375 182 0
6.800673961639404 182 0
6.822543144226074 182 0
6.843502759933472 182 0
6.864584922790527 182 0
6.885301113128662 182 0
6.906847238540649 182 0
6.927879333496094 182 0
6.948780298233032 182 0
6.969403982162476 182 0
6.990022659301758 182 0
7.010628700256348 182 0
7.0322184562683105 182 0
7.053350448608398 182 0
7.084595203399658 182 0
7.104723215103149 182 0
7.125593900680542 182 0
7.146117448806763 182 0
7.16727876663208 182 0
7.188005685806274 182 0
7.209728479385376 182 0
7.229468584060669 182 0
7.2500691413879395 182 0
7.270642280578613 182 0
7.292715311050415 182 0
7.313843488693237 182 0
7.3344950675964355 182 0
7.355283260345459 182 0
7.376047372817993 182 0
7.39675760269165 182 0
7.417843580245972 182 0
7.438746213912964 182 0
7.459519624710083 182 0
7.480133295059204 182 0
7.500674486160278 182 0
7.52286171913147 182 0
7.543651103973389 182 0
7.5654778480529785 182 0
7.585487604141235 182 0
7.606720924377441 182 0
7.6278076171875 182 0
7.648677349090576 182 0
7.6695287227630615 182 0
7.6902031898498535 182 0
7.710676670074463 182 0
7.732687473297119 182 0
7.753563165664673 182 0
7.774453401565552 182 0
7.795215129852295 182 0
7.81587028503418 182 0
7.83649754524231 182 0
7.857563257217407 182 0
7.8786022663116455 182 0
7.8994574546813965 182 0
7.92129921913147 182 0
7.942533493041992 182 0
7.963694334030151 182 0
7.984390735626221 182 0
8.005187511444092 182 0
8.025909185409546 182 0
8.046737432479858 182 0
8.067758083343506 182 0
8.089170932769775 182 0
8.109863758087158 182 0
8.130449056625366 182 0
8.151830673217773 182 0
8.173697233200073 182 0
8.193550825119019 182 0
8.214531660079956 182 0
8.235354900360107 182 0
8.256640911102295 182 0
8.27770471572876 182 0
8.298683166503906 182 0
8.319466829299927 182 0
8.340074062347412 182 0
8.360565900802612 182 0
8.382808685302734 182 0
8.403612852096558 182 0
8.424471139907837 182 0
8.445494413375854 182 0
8.466357946395874 182 0
8.487449169158936 182 0
8.508355617523193 182 0
8.529926061630249 182 0
8.550401449203491 182 0
8.571781396865845 182 0
8.593625545501709 182 0
8.614450693130493 182 0
8.635261297225952 182 0
8.65589952468872 182 0
8.676528453826904 182 0
8.697617530822754 182 0
8.718711853027344 182 0
8.7395339012146 182 0
8.76024603843689 182 0
8.782605648040771 182 0
8.802859783172607 182 0
8.823547840118408 182 0
8.844460010528564 182 0
8.865178346633911 182 0
8.888259172439575 182 0
8.908486604690552 182 0
8.929389953613281 182 0
8.949994564056396 182 0
8.97054386138916 182 0
8.992925643920898 182 0
9.013589143753052 182 0
9.035370349884033 182 0
9.055930852890015 182 0
9.076762914657593 182 0
9.097853422164917 182 0
9.118704080581665 182 0
9.139538288116455 182 0
9.160181522369385 182 0
9.180695533752441 182 0
9.202834367752075 182 0
9.223547458648682 182 0
9.244478225708008 182 0
9.26527714729309 182 0
9.286932229995728 182 0
9.307924747467041 182 0
9.328800678253174 182 0
9.349462270736694 182 0
9.370076417922974 182 0
9.392242908477783 182 0
9.412129163742065 182 0
9.433338403701782 182 0
9.45378565788269 182 0
9.474653959274292 182 0
9.49541425704956 182 0
9.51669454574585 182 0
9.537707567214966 182 0
9.55882215499878 182 0
9.57944941520691 182 0
9.60014033317566 182 0
9.62065052986145 182 0
9.642812490463257 182 0
9.663607597351074 182 0
9.688935041427612 182 0
9.709360837936401 182 0
9.729966640472412 182 0
9.7505042552948 182 0
9.771907329559326 182 0
9.792742013931274 182 0
9.813592910766602 182 0
9.834561586380005 182 0
9.855357646942139 182 0
9.876628637313843 182 0
9.898590326309204 182 0
9.918809652328491 182 0
9.939448356628418 182 0
9.960127353668213 182 0
9.980576515197754 182 0
