0.007216453552246094 0 0
0.032846927642822266 1 6
0.05816459655761719 8 238
0.0842280387878418 19 477
0.11029458045959473 34 588
0.13720273971557617 52 685
0.16271066665649414 70 724
0.18802404403686523 90 765
0.21410632133483887 111 786
0.24024701118469238 132 805
0.26723790168762207 153 818
0.29267120361328125 174 784
0.31807541847229004 191 654
0.34407472610473633 203 454
0.3703174591064453 210 270
0.39717841148376465 211 0
0.4227168560028076 207 -130
0.44805407524108887 200 -263
0.4741218090057373 192 -303
0.5002026557922363 184 -296
0.5271859169006348 178 -245
0.5523734092712402 174 -173
0.5780360698699951 172 -127
0.6040301322937012 172 -27
0.6302216053009033 173 17
0.6570823192596436 175 70
0.6823127269744873 177 75
0.7079272270202637 178 67
0.734144926071167 180 53
0.7601799964904785 180 41
0.7871303558349609 181 28
0.8123428821563721 181 28
0.8379554748535156 181 13
0.8649790287017822 181 13
0.8899366855621338 181 6
0.9172642230987549 181 6
0.9413313865661621 181 2
0.9682602882385254 181 2
0.9941692352294922 181 0
1.020249605178833 181 0
1.0471248626708984 181 0
1.0726544857025146 181 0
1.0980007648468018 181 0
1.1240932941436768 181 0
1.150217056274414 181 0
1.1772160530090332 181 0
1.20259690284729 181 0
1.2280282974243164 181 0
1.2540218830108643 181 0
1.2831721305847168 181 0
1.3082916736602783 181 0
1.3342928886413574 181 0
1.3602304458618164 181 0
1.3872239589691162 181 0
1.412649393081665 181 0
1.4380998611450195 181 0
1.4640588760375977 181 0
1.490299940109253 181 0
1.5171782970428467 181 0
1.5427007675170898 181 0
1.568002700805664 181 0
1.5949852466583252 181 0
1.6206796169281006 181 0
1.6471898555755615 181 0
1.6726131439208984 181 0
1.6979331970214844 181 0
1.7237181663513184 181 0
1.749445915222168 181 0
1.7749741077423096 181 0
1.8006477355957031 181 0
1.8271856307983398 181 0
1.852612018585205 181 0
1.877948522567749 181 0
1.9040377140045166 181 0
1.9299781322479248 181 0
1.9580774307250977 181 0
1.9841957092285156 181 0
2.0107250213623047 181 0
2.0374505519866943 181 0
2.064188003540039 181 0
2.094719409942627 181 0
2.1199967861175537 181 0
2.146899700164795 181 0
2.1720612049102783 181 0
2.197784423828125 181 0
2.224670886993408 181 0
2.249303102493286 181 0
2.276630163192749 181 0
2.300241708755493 181 0
2.32781720161438 181 0
2.3523266315460205 181 0
2.379303216934204 181 0
2.404715061187744 181 0
2.430290937423706 181 0
2.457183599472046 181 0
2.486804723739624 181 0
2.5117478370666504 181 0
2.5378425121307373 181 0
2.563673734664917 181 0
2.589388847351074 181 0
2.6149485111236572 181 0
2.6406569480895996 181 0
2.667200803756714 181 0
2.6927316188812256 181 0
2.718038558959961 181 0
2.744112014770508 181 0
2.770228624343872 181 0
2.7972207069396973 181 0
2.822603464126587 181 0
2.8480429649353027 181 0
2.874027729034424 181 0
2.900346040725708 181 0
2.9272022247314453 181 0
2.9527204036712646 181 0
2.9780237674713135 181 0
3.004117488861084 181 0
3.0302352905273438 181 0
3.0571389198303223 181 0
3.0823426246643066 181 0
3.1079440116882324 181 0
3.1339383125305176 181 0
3.159898281097412 181 0
3.186347007751465 181 0
3.211284637451172 181 0
3.237567186355591 181 0
3.263223886489868 181 0
3.288853883743286 181 0
3.3150475025177 181 0
3.341766595840454 181 0
3.367295742034912 181 0
3.3934948444366455 181 0
3.41801118850708 181 0
3.4449310302734375 181 0
3.470327138900757 181 0
3.497297525405884 181 0
3.522702932357788 181 0
3.5481157302856445 181 0
3.5740907192230225 181 0
3.60032320022583 181 0
3.6271884441375732 181 0
3.652703285217285 181 0
3.67801833152771 181 0
3.704106330871582 181 0
3.7301855087280273 181 0
3.7575573921203613 181 0
3.782838821411133 181 0
3.808164596557617 181 0
3.8341197967529297 181 0
3.860316753387451 181 0
3.887157917022705 181 0
3.9128339290618896 181 0
3.938049077987671 181 0
3.964155435562134 181 0
3.9901669025421143 181 0
4.017194032669067 181 0
4.04238486289978 181 0
4.068039655685425 181 0
4.09411358833313 181 0
4.120689630508423 181 0
4.147212505340576 181 0
4.172589540481567 181 0
4.1979663372039795 181 0
4.2241432666778564 181 0
4.250166654586792 181 0
4.277076244354248 181 0
4.302663087844849 181 0
4.3279523849487305 181 0
4.353934288024902 181 0
4.379858732223511 181 0
4.406210899353027 181 0
4.431114673614502 181 0
4.458291292190552 181 0
4.482872724533081 181 0
4.509253740310669 181 0
4.534046649932861 181 0
4.561101913452148 181 0
4.587489604949951 181 0
4.612932443618774 181 0
4.638087272644043 181 0
4.664161920547485 181 0
4.692692995071411 181 0
4.720106840133667 181 0
4.74633264541626 181 0
4.771753549575806 181 0
4.797712564468384 181 0
4.8236634731292725 181 0
4.849414110183716 181 0
4.874903440475464 181 0
4.9048497676849365 181 0
4.930242538452148 181 0
4.95715856552124 181 0
4.982346296310425 181 0
5.007927417755127 181 0
5.033698558807373 181 0
5.063159942626953 181 0
5.088682174682617 181 0
5.114182710647583 181 0
5.140364646911621 181 0
5.16718053817749 181 0
5.192594289779663 181 0
5.219075679779053 181 0
5.24391508102417 181 0
5.2707648277282715 181 0
5.295642137527466 181 0
5.321970224380493 181 0
5.34739351272583 181 0
5.3733134269714355 181 0
5.398897886276245 181 0
5.424767255783081 181 0
5.450189113616943 181 0
5.477215766906738 181 0
5.502622842788696 181 0
5.528070449829102 181 0
5.554035186767578 181 0
5.580284118652344 181 0
5.607159376144409 181 0
5.632666349411011 181 0
5.657994747161865 181 0
5.684073209762573 181 0
5.710144519805908 181 0
5.737865209579468 181 0
5.7623207569122314 181 0
5.788227558135986 181 0
5.814148664474487 181 0
5.840227842330933 181 0
5.867111921310425 181 0
5.892631530761719 181 0
5.917972087860107 181 0
5.9440484046936035 181 0
5.970186233520508 181 0
5.997199058532715 181 0
6.022613763809204 181 0
6.0480451583862305 181 0
6.074028253555298 181 0
6.101027727127075 181 0
6.127437353134155 181 0
6.15273904800415 181 0
6.178048849105835 181 0
6.204762935638428 181 0
6.230198621749878 181 0
6.25707483291626 181 0
6.2825939655303955 181 0
6.307957410812378 181 0
6.333939552307129 181 0
6.359779357910156 181 0
6.387584924697876 181 0
6.413384914398193 181 0
6.439270257949829 181 0
6.46483039855957 181 0
6.490298271179199 181 0
6.517231464385986 181 0
6.542826175689697 181 0
6.568049669265747 181 0
6.594148635864258 181 0
6.620222568511963 181 0
6.647195339202881 181 0
6.672603607177734 181 0
6.698035001754761 181 0
6.7240331172943115 181 0
6.750072002410889 181 0
6.776955604553223 181 0
6.802855968475342 181 0
6.828077793121338 181 0
6.854146242141724 181 0
6.880333662033081 181 0
6.907294034957886 181 0
6.932718515396118 181 0
6.958081483840942 181 0
6.984057188034058 181 0
7.010110855102539 181 0
7.037028074264526 181 0
7.062635183334351 181 0
7.087987661361694 181 0
7.114055156707764 181 0
7.140199661254883 181 0
7.167202711105347 181 0
7.1925952434539795 181 0
7.217957019805908 181 0
7.243947744369507 181 0
7.269883871078491 181 0
7.301153659820557 181 0
7.32623291015625 181 0
7.352038860321045 181 0
7.377792835235596 181 0
7.40423846244812 181 0
7.430200099945068 181 0
7.457235813140869 181 0
7.482633829116821 181 0
7.508083820343018 181 0
7.5340354442596436 181 0
7.560327053070068 181 0
7.587172508239746 181 0
7.612711429595947 181 0
7.638015031814575 181 0
7.664098024368286 181 0
7.6902077198028564 181 0
7.717205047607422 181 0
7.74272084236145 181 0
7.768115520477295 181 0
7.794087886810303 181 0
7.820295810699463 181 0
7.84714937210083 181 0
7.8726842403411865 181 0
7.89812159538269 181 0
7.92408299446106 181 0
7.9502036571502686 181 0
7.977218866348267 181 0
8.002376079559326 181 0
8.028042078018188 181 0
8.05403995513916 181 0
8.080172061920166 181 0
8.107154607772827 181 0
8.132345914840698 181 0
8.15797209739685 181 0
8.184154510498047 181 0
8.210181474685669 181 0
8.237090110778809 181 0
8.262331247329712 181 0
8.287945032119751 181 0
8.313942193984985 181 0
8.339863300323486 181 0
8.367385387420654 181 0
8.39134693145752 181 0
8.418793201446533 181 0
8.443272590637207 181 0
8.469593286514282 181 0
8.49514126777649 181 0
8.521454095840454 181 0
8.547642707824707 181 0
8.573366403579712 181 0
8.598981857299805 181 0
8.624826192855835 181 0
8.650253295898438 181 0
8.67725157737732 181 0
8.70265007019043 181 0
8.728070735931396 181 0
8.754035711288452 181 0
8.780320167541504 181 0
8.807189702987671 181 0
8.8327317237854 181 0
8.858010053634644 181 0
8.884079933166504 181 0
8.91063141822815 181 0
8.937244892120361 181 0
8.96262264251709 181 0
8.988053798675537 181 0
9.014033079147339 181 0
9.040631771087646 181 0
9.067219972610474 181 0
9.092729568481445 181 0
9.11803936958313 181 0
9.144129037857056 181 0
9.17024564743042 181 0
9.197217464447021 181 0
9.222639322280884 181 0
9.2479989528656 181 0
9.273991346359253 181 0
9.29981780052185 181 0
9.32610535621643 181 0
9.350967168807983 181 0
9.37741231918335 181 0
9.402748107910156 181 0
9.428045511245728 181 0
9.454042911529541 181 0
9.480198383331299 181 0
9.507115602493286 181 0
9.532376050949097 181 0
9.557966470718384 181 0
9.584990739822388 181 0
9.60996413230896 181 0
9.637317895889282 181 0
9.662698030471802 181 0
9.68814754486084 181 0
9.71421766281128 181 0
9.740310430526733 181 0
9.767155170440674 181 0
9.792833089828491 181 0
9.818063497543335 181 0
9.84415340423584 181 0
9.870180368423462 181 0
9.897185325622559 181 0
9.922347784042358 181 0
9.948056936264038 181 0
9.97404170036316 181 0
10.000171899795532 181 0
