0.006223917007446289 0 0
0.03230476379394531 1 6
0.057875871658325195 8 259
0.08378720283508301 19 482
0.10949110984802246 34 598
0.13624024391174316 53 676
0.1610243320465088 70 733
0.18751883506774902 89 757
0.21289849281311035 110 788
0.2381739616394043 131 803
0.26415109634399414 152 820
0.29028749465942383 173 787
0.31717824935913086 191 665
0.3427295684814453 204 499
0.3680591583251953 212 292
0.3941338062286377 214 169
0.420224666595459 211 -71
0.4472227096557617 205 -248
0.47239041328430176 197 -299
0.4980950355529785 189 -299
0.524085283279419 183 -249
0.5502870082855225 178 -180
0.5771605968475342 175 -90
0.6027219295501709 175 -90
0.6281099319458008 176 0
0.654177188873291 177 58
0.6801981925964355 179 68
0.7071852684020996 181 67
0.7325961589813232 182 52
0.7580711841583252 183 44
0.7840676307678223 183 44
0.8108534812927246 183 18
0.8372297286987305 183 18
0.8626539707183838 183 8
0.8880224227905273 183 8
0.9140236377716064 183 3
0.9400100708007812 183 3
0.9663600921630859 183 0
0.9913709163665771 183 0
1.0176455974578857 183 0
1.0432698726654053 183 0
1.0691442489624023 183 0
1.0947222709655762 183 0
1.1202166080474854 183 0
1.1478116512298584 183 0
1.1723439693450928 183 0
1.1992394924163818 183 0
1.2239699363708496 183 0
1.250715732574463 183 0
1.2772142887115479 183 0
1.3028862476348877 183 0
1.3280837535858154 183 0
1.3541667461395264 183 0
1.3806700706481934 183 0
1.4072821140289307 183 0
1.4328441619873047 183 0
1.4581701755523682 183 0
1.4841411113739014 183 0
1.5103507041931152 183 0
1.5372254848480225 183 0
1.5628526210784912 183 0
1.5880968570709229 183 0
1.6141507625579834 183 0
1.6402692794799805 183 0
1.6672651767730713 183 0
1.6926922798156738 183 0
1.7181053161621094 183 0
1.7440979480743408 183 0
1.7703533172607422 183 0
1.7972095012664795 183 0
1.8269994258880615 183 0
1.8480968475341797 183 0
1.874176263809204 183 0
1.9001657962799072 183 0
1.927180290222168 183 0
1.9523594379425049 183 0
1.9779605865478516 183 0
2.0039381980895996 183 0
2.0298900604248047 183 0
2.05664324760437 183 0
2.08148193359375 183 0
2.1077017784118652 183 0
2.133561372756958 183 0
2.159348726272583 183 0
2.184793710708618 183 0
2.2102909088134766 183 0
2.237311840057373 183 0
2.263481855392456 183 0
2.288041353225708 183 0
2.315087080001831 183 0
2.340264320373535 183 0
2.3673462867736816 183 0
2.3927001953125 183 0
2.418142795562744 183 0
2.4441418647766113 183 0
2.470344066619873 183 0
2.497211217880249 183 0
2.5228476524353027 183 0
2.5480797290802 183 0
2.574183225631714 183 0
2.6002652645111084 183 0
2.630840539932251 183 0
2.652662515640259 183 0
2.678095579147339 183 0
2.7040855884552 183 0
2.7303078174591064 183 0
2.7572021484375 183 0
2.782707691192627 183 0
2.8080508708953857 183 0
2.8341410160064697 183 0
2.8602559566497803 183 0
2.8872649669647217 183 0
2.9127004146575928 183 0
2.938079595565796 183 0
2.964052438735962 183 0
2.9902994632720947 183 0
3.01719069480896 183 0
3.042715311050415 183 0
3.06807279586792 183 0
3.0950357913970947 183 0
3.120833396911621 183 0
3.147252082824707 183 0
3.1726605892181396 183 0
3.198178291320801 183 0
3.224168300628662 183 0
3.2502377033233643 183 0
3.2771341800689697 183 0
3.3023693561553955 183 0
3.327972412109375 183 0
3.3541650772094727 183 0
3.3811495304107666 183 0
3.407047986984253 183 0
3.4331233501434326 183 0
3.458235502243042 183 0
3.484283447265625 183 0
3.5102462768554688 183 0
3.5372567176818848 183 0
3.5626590251922607 183 0
3.5881335735321045 183 0
3.6141114234924316 183 0
3.640350580215454 183 0
3.6672139167785645 183 0
3.6927475929260254 183 0
3.7180402278900146 183 0
3.7441258430480957 183 0
3.7702488899230957 183 0
3.797273635864258 183 0
3.8226444721221924 183 0
3.8481316566467285 183 0
3.874232530593872 183 0
3.9007341861724854 183 0
3.9272990226745605 183 0
3.952686071395874 183 0
3.9780826568603516 183 0
4.004086017608643 183 0
4.031033039093018 183 0
4.05745792388916 183 0
4.082927703857422 183 0
4.108126640319824 183 0
4.134215831756592 183 0
4.160197019577026 183 0
4.187215805053711 183 0
4.212643146514893 183 0
4.238057374954224 183 0
4.2640602588653564 183 0
4.290268421173096 183 0
4.317162036895752 183 0
4.342692613601685 183 0
4.367993116378784 183 0
4.394093990325928 183 0
4.420193672180176 183 0
4.447227478027344 183 0
4.472631454467773 183 0
4.498959302902222 183 0
4.52468729019165 183 0
4.550213575363159 183 0
4.577113628387451 183 0
4.602309942245483 183 0
4.628254652023315 183 0
4.654195547103882 183 0
4.680367708206177 183 0
4.707203388214111 183 0
4.732628583908081 183 0
4.758005380630493 183 0
4.785026788711548 183 0
4.810079097747803 183 0
4.837296009063721 183 0
4.861297130584717 183 0
4.888261795043945 183 0
4.914182424545288 183 0
4.940281629562378 183 0
4.967183589935303 183 0
4.992734670639038 183 0
5.018050909042358 183 0
5.04410982131958 183 0
5.070274591445923 183 0
5.097257852554321 183 0
5.122640132904053 183 0
5.14810037612915 183 0
5.17407488822937 183 0
5.200289011001587 183 0
5.227185487747192 183 0
5.252692937850952 183 0
5.278016090393066 183 0
5.3040852546691895 183 0
5.330226182937622 183 0
5.3572306632995605 183 0
5.3826305866241455 183 0
5.4080915451049805 183 0
5.438188314437866 183 0
5.464161396026611 183 0
5.490243196487427 183 0
5.517167091369629 183 0
5.542367219924927 183 0
5.567983150482178 183 0
5.593954801559448 183 0
5.6198296546936035 183 0
5.6462180614471436 183 0
5.671038627624512 183 0
5.69746732711792 183 0
5.722833156585693 183 0
5.748080492019653 183 0
5.774061679840088 183 0
5.801069736480713 183 0
5.82694935798645 183 0
5.852926731109619 183 0
5.878130674362183 183 0
5.904200553894043 183 0
5.930218935012817 183 0
5.957229375839233 183 0
5.982620716094971 183 0
6.008110523223877 183 0
6.034082412719727 183 0
6.060654163360596 183 0
6.087221145629883 183 0
6.112753391265869 183 0
6.138078689575195 183 0
6.164360046386719 183 0
6.190196514129639 183 0
6.217219829559326 183 0
6.242725133895874 183 0
6.268144845962524 183 0
6.294108152389526 183 0
6.3203206062316895 183 0
6.347188234329224 183 0
6.372754335403442 183 0
6.398041486740112 183 0
6.424118280410767 183 0
6.450251579284668 183 0
6.477247476577759 183 0
6.5026535987854 183 0
6.528075695037842 183 0
6.55406928062439 183 0
6.580957412719727 183 0
6.607346773147583 183 0
6.63274073600769 183 0
6.658045530319214 183 0
6.6840643882751465 183 0
6.710202693939209 183 0
6.7371344566345215 183 0
6.762293577194214 183 0
6.787996292114258 183 0
6.815034627914429 183 0
6.840047359466553 183 0
6.867262601852417 183 0
6.891113996505737 183 0
6.918249130249023 183 0
6.942867040634155 183 0
6.969259262084961 183 0
6.9940924644470215 183 0
7.02071213722229 183 0
7.047269582748413 183 0
7.072879076004028 183 0
7.098085403442383 183 0
7.124181032180786 183 0
7.150251150131226 183 0
7.177252292633057 183 0
7.202692747116089 183 0
7.228117942810059 183 0
7.2540953159332275 183 0
7.280138731002808 183 0
7.3070762157440186 183 0
7.332686185836792 183 0
7.3579933643341064 183 0
7.38407301902771 183 0
7.410221576690674 183 0
7.437222480773926 183 0
7.46263313293457 183 0
7.488063097000122 183 0
7.514053106307983 183 0
7.540306091308594 183 0
7.5672125816345215 183 0
7.592724323272705 183 0
7.6180338859558105 183 0
7.644107341766357 183 0
7.670268774032593 183 0
7.69759464263916 183 0
7.723263502120972 183 0
7.748785018920898 183 0
7.774266242980957 183 0
7.80035662651062 183 0
7.827224254608154 183 0
7.852756023406982 183 0
7.878077507019043 183 0
7.904068946838379 183 0
7.93023157119751 183 0
7.957130193710327 183 0
7.983367204666138 183 0
8.007985830307007 183 0
8.034982442855835 183 0
8.060389518737793 183 0
8.087417602539062 183 0
8.1127290725708 183 0
8.13811469078064 183 0
8.164103507995605 183 0
8.190361261367798 183 0
8.217212677001953 183 0
8.24703335762024 183 0
8.268073081970215 183 0
8.294158458709717 183 0
8.32013201713562 183 0
8.347121000289917 183 0
8.372658967971802 183 0
8.398057222366333 183 0
8.424074649810791 183 0
8.450314998626709 183 0
8.477196455001831 183 0
8.502727031707764 183 0
8.528045892715454 183 0
8.55412220954895 183 0
8.58038330078125 183 0
8.607288360595703 183 0
8.632648468017578 183 0
8.658062219619751 183 0
8.684052228927612 183 0
8.710306882858276 183 0
8.737173557281494 183 0
8.762667417526245 183 0
8.788007736206055 183 0
8.814106702804565 183 0
8.842925310134888 183 0
8.868269681930542 183 0
8.894272327423096 183 0
8.920237302780151 183 0
8.947347402572632 183 0
8.972729444503784 183 0
8.998107194900513 183 0
9.024067878723145 183 0
9.050626754760742 183 0
9.077223062515259 183 0
9.102829694747925 183 0
9.128073930740356 183 0
9.154154300689697 183 0
9.180381059646606 183 0
9.207334995269775 183 0
9.23270559310913 183 0
9.258123397827148 183 0
9.284099578857422 183 0
9.310127258300781 183 0
9.337056159973145 183 0
9.362164735794067 183 0
9.388005018234253 183 0
9.414003610610962 183 0
9.439997911453247 183 0
9.466356039047241 183 0
9.491713523864746 183 0
9.517781257629395 183 0
9.543641567230225 183 0
9.569317102432251 183 0
9.596296787261963 183 0
9.620292901992798 183 0
9.64795184135437 183 0
9.673242807388306 183 0
9.699363231658936 183 0
9.724932193756104 183 0
9.750720500946045 183 0
9.77722454071045 183 0
9.802838563919067 183 0
9.828143835067749 183 0
9.854215860366821 183 0
9.880200147628784 183 0
9.907222032546997 183 0
9.932610988616943 183 0
9.958072662353516 183 0
9.984053134918213 183 0
