0.005731821060180664 0 0
0.03182029724121094 1 7
0.05750441551208496 6 206
0.08327054977416992 17 391
0.1115269660949707 31 537
0.135514497756958 46 607
0.1624290943145752 64 662
0.18741965293884277 81 701
0.21393632888793945 100 726
0.23865914344787598 119 745
0.2654304504394531 138 758
0.29169273376464844 159 772
0.3175055980682373 178 750
0.3433082103729248 195 645
0.3699333667755127 207 435
0.39479994773864746 213 190
0.42177438735961914 212 -40
0.4474794864654541 206 -219
0.4733238220214844 197 -369
0.49990224838256836 186 -410
0.5247862339019775 176 -371
0.5516641139984131 169 -262
0.5774662494659424 166 -140
0.6032416820526123 166 -27
0.630591630935669 169 49
0.6555993556976318 173 184
0.6818838119506836 178 193
0.7074387073516846 182 158
0.7333214282989502 185 98
0.7599215507507324 186 82
0.7848093509674072 185 17
0.8116662502288818 184 -31
0.8374545574188232 182 -65
0.8632423877716064 180 -63
0.890627384185791 179 -49
0.9155526161193848 179 -33
0.9424405097961426 179 -14
0.968116283416748 179 -14
0.9938876628875732 180 5
1.0206890106201172 180 5
1.0455667972564697 180 8
1.0716509819030762 180 8
1.0973970890045166 180 3
1.1231820583343506 180 3
1.1492362022399902 180 3
1.174579381942749 180 3
1.2015659809112549 180 0
1.2280592918395996 180 0
1.2531929016113281 180 0
1.2812626361846924 180 0
1.304877758026123 180 0
1.3322820663452148 180 0
1.3579504489898682 180 0
1.3836538791656494 180 0
1.4098427295684814 180 0
1.4348111152648926 180 0
1.4617462158203125 180 0
1.4874053001403809 180 0
1.5131735801696777 180 0
1.5399291515350342 180 0
1.564758062362671 180 0
1.5917248725891113 180 0
1.6174161434173584 180 0
1.6432645320892334 180 0
1.6705381870269775 180 0
1.695622444152832 180 0
1.7216544151306152 180 0
1.7474520206451416 180 0
1.7731919288635254 180 0
1.799966812133789 180 0
1.826265811920166 180 0
1.852079153060913 180 0
1.8777246475219727 180 0
1.9058752059936523 180 0
1.9342567920684814 180 0
1.9708218574523926 180 0
1.9931704998016357 180 0
2.018622875213623 180 0
2.044602394104004 180 0
2.0715739727020264 180 0
2.0973429679870605 180 0
2.122896909713745 180 0
2.14965558052063 180 0
2.17462158203125 180 0
2.201564311981201 180 0
2.2280828952789307 180 0
2.2531485557556152 180 0
2.279984951019287 180 0
2.3047773838043213 180 0
2.331796407699585 180 0
2.3626627922058105 180 0
2.3834545612335205 180 0
2.4096076488494873 180 0
2.4347927570343018 180 0
2.4616026878356934 180 0
2.487405300140381 180 0
2.513188123703003 180 0
2.5399231910705566 180 0
2.564749240875244 180 0
2.591702461242676 180 0
2.617422103881836 180 0
2.6432502269744873 180 0
2.6705007553100586 180 0
2.6956257820129395 180 0
2.721778392791748 180 0
2.747422456741333 180 0
2.7731990814208984 180 0
2.800563335418701 180 0
2.8256044387817383 180 0
2.851691246032715 180 0
2.877408742904663 180 0
2.9032180309295654 180 0
2.9305005073547363 180 0
2.955411672592163 180 0
2.981621265411377 180 0
3.0073964595794678 180 0
3.0331597328186035 180 0
3.059255599975586 180 0
3.0846011638641357 180 0
3.1115810871124268 180 0
3.1373085975646973 180 0
3.1667163372039795 180 0
3.192563533782959 180 0
3.2182230949401855 180 0
3.244056463241577 180 0
3.2708160877227783 180 0
3.295637607574463 180 0
3.321775436401367 180 0
3.347412109375 180 0
3.3731696605682373 180 0
3.399904727935791 180 0
3.4247636795043945 180 0
3.4517128467559814 180 0
3.4774246215820312 180 0
3.503217935562134 180 0
3.5306601524353027 180 0
3.5555336475372314 180 0
3.581695795059204 180 0
3.6073992252349854 180 0
3.633176803588867 180 0
3.659919023513794 180 0
3.684786796569824 180 0
3.711690902709961 180 0
3.737398624420166 180 0
3.7632315158843994 180 0
3.7899081707000732 180 0
3.8147778511047363 180 0
3.8416411876678467 180 0
3.8674075603485107 180 0
3.893167495727539 180 0
3.9216833114624023 180 0
3.94734263420105 180 0
3.9732470512390137 180 0
4.000525712966919 180 0
4.025476694107056 180 0
4.052749156951904 180 0
4.077393293380737 180 0
4.103896141052246 180 0
4.129230737686157 180 0
4.155547380447388 180 0
4.18173623085022 180 0
4.207459449768066 180 0
4.2332518100738525 180 0
4.260597229003906 180 0
4.285613536834717 180 0
4.312076568603516 180 0
4.337481260299683 180 0
4.3633131980896 180 0
4.388664722442627 180 0
4.4156577587127686 180 0
4.441740274429321 180 0
4.467400074005127 180 0
4.493168115615845 180 0
4.519909381866455 180 0
4.544729232788086 180 0
4.571823596954346 180 0
4.5973992347717285 180 0
4.623265743255615 180 0
4.650543928146362 180 0
4.675632953643799 180 0
4.70179009437561 180 0
4.7274158000946045 180 0
4.75317645072937 180 0
4.779900550842285 180 0
4.804711580276489 180 0
4.831880807876587 180 0
4.857414722442627 180 0
4.8831565380096436 180 0
4.908623218536377 180 0
4.9346301555633545 180 0
4.961724042892456 180 0
4.987359285354614 180 0
5.013120412826538 180 0
5.039623737335205 180 0
5.064621448516846 180 0
5.091739177703857 180 0
5.11802077293396 180 0
5.1431238651275635 180 0
5.174741268157959 180 0
5.201378107070923 180 0
5.226303339004517 180 0
5.252366065979004 180 0
5.278112411499023 180 0
5.303866624832153 180 0
5.33069920539856 180 0
5.355607271194458 180 0
5.381711006164551 180 0
5.4074485301971436 180 0
5.433251619338989 180 0
5.46052885055542 180 0
5.485625267028809 180 0
5.511720180511475 180 0
5.537459135055542 180 0
5.563249349594116 180 0
5.591741561889648 180 0
5.617385387420654 180 0
5.643220901489258 180 0
5.670485973358154 180 0
5.695402145385742 180 0
5.721778154373169 180 0
5.747391700744629 180 0
5.773156642913818 180 0
5.799776315689087 180 0
5.8246588706970215 180 0
5.851588487625122 180 0
5.877350091934204 180 0
5.903131723403931 180 0
5.929858446121216 180 0
5.954730749130249 180 0
5.982737302780151 180 0
6.007406711578369 180 0
6.033971309661865 180 0
6.059645414352417 180 0
6.084892272949219 180 0
6.111613035202026 180 0
6.137430667877197 180 0
6.163255214691162 180 0
6.190586566925049 180 0
6.215573787689209 180 0
6.241803407669067 180 0
6.267470121383667 180 0
6.293315410614014 180 0
6.320775747299194 180 0
6.345645427703857 180 0
6.3764283657073975 180 0
6.397448539733887 180 0
6.423295736312866 180 0
6.4507060050964355 180 0
6.475668907165527 180 0
6.501798391342163 180 0
6.527392864227295 180 0
6.5532331466674805 180 0
6.579919099807739 180 0
6.604784965515137 180 0
6.631597280502319 180 0
6.657410144805908 180 0
6.683148384094238 180 0
6.709226369857788 180 0
6.7345781326293945 180 0
6.761721611022949 180 0
6.787461996078491 180 0
6.8134660720825195 180 0
6.839746713638306 180 0
6.86469030380249 180 0
6.891477823257446 180 0
6.9173266887664795 180 0
6.943146705627441 180 0
6.969625473022461 180 0
6.994613885879517 180 0
7.0215606689453125 180 0
7.048060894012451 180 0
7.073130130767822 180 0
7.100757837295532 180 0
7.125518560409546 180 0
7.151855230331421 180 0
7.180081129074097 180 0
7.204086065292358 180 0
7.230690002441406 180 0
7.25570821762085 180 0
7.281761884689331 180 0
7.307414770126343 180 0
7.333186626434326 180 0
7.359917163848877 180 0
7.384763956069946 180 0
7.411719560623169 180 0
7.437421083450317 180 0
7.463235378265381 180 0
7.490520238876343 180 0
7.515603542327881 180 0
7.541655540466309 180 0
7.567432641983032 180 0
7.593194007873535 180 0
7.619931221008301 180 0
7.6447365283966064 180 0
7.671662092208862 180 0
7.6973817348480225 180 0
7.723246335983276 180 0
7.750525236129761 180 0
7.776762962341309 180 0
7.802471399307251 180 0
7.829631090164185 180 0
7.8546178340911865 180 0
7.881728410720825 180 0
7.907341241836548 180 0
7.933154821395874 180 0
7.961126089096069 180 0
7.984853029251099 180 0
8.012518405914307 180 0
8.037365436553955 180 0
8.06372356414795 180 0
8.089977264404297 180 0
8.11482572555542 180 0
8.141595363616943 180 0
8.167425155639648 180 0
8.193179368972778 180 0
8.219937086105347 180 0
8.2447350025177 180 0
8.271722793579102 180 0
8.297399520874023 180 0
8.323256969451904 180 0
8.350658655166626 180 0
8.375525712966919 180 0
8.401709794998169 180 0
8.42740535736084 180 0
8.453166723251343 180 0
8.479911088943481 180 0
8.50473141670227 180 0
8.531660079956055 180 0
8.557381391525269 180 0
8.583219528198242 180 0
8.609911680221558 180 0
8.634776830673218 180 0
8.661742687225342 180 0
8.68742060661316 180 0
8.713162660598755 180 0
8.739917039871216 180 0
8.764738321304321 180 0
8.791825771331787 180 0
8.81742262840271 180 0
8.843162298202515 180 0
8.869863510131836 180 0
8.89481234550476 180 0
8.921594381332397 180 0
8.947376728057861 180 0
8.97313380241394 180 0
8.999253749847412 180 0
9.025678873062134 180 0
9.051554918289185 180 0
9.077955484390259 180 0
9.103541374206543 180 0
9.12981390953064 180 0
9.154699325561523 180 0
9.187185525894165 180 0
9.211883544921875 180 0
9.237465620040894 180 0
9.263219594955444 180 0
9.290589570999146 180 0
9.315595865249634 180 0
9.341702938079834 180 0
9.367388248443604 180 0
9.393255472183228 180 0
9.420757055282593 180 0
9.44557237625122 180 0
9.471729516983032 180 0
9.497465133666992 180 0
9.5232412815094 180 0
9.550724744796753 180 0
9.575540542602539 180 0
9.601784229278564 180 0
9.627347707748413 180 0
9.653116941452026 180 0
9.67859435081482 180 0
9.704582929611206 180 0
9.731556177139282 180 0
9.757354736328125 180 0
9.7831289768219 180 0
9.809200286865234 180 0
9.834577798843384 180 0
9.861812829971313 180 0
9.888059616088867 180 0
9.913135766983032 180 0
9.941157579421997 180 0
9.965904235839844 180 0
9.992193698883057 180 0
