0.0052032470703125 0 0
0.03130364418029785 0 3
0.0572969913482666 6 252
0.0834503173828125 17 417
0.11036396026611328 31 530
0.13612031936645508 46 604
0.16167163848876953 63 658
0.18898701667785645 81 613
0.21326875686645508 92 464
0.24117684364318848 100 295
0.266887903213501 108 317
0.29269909858703613 119 469
0.32087230682373047 132 398
0.3462369441986084 137 233
0.37191009521484375 138 60
0.39745020866394043 143 198
0.42357802391052246 151 347
0.45067286491394043 160 346
0.4764072895050049 164 172
0.5021076202392578 161 -24
0.5294997692108154 159 -39
0.5544006824493408 163 194
0.58050537109375 170 275
0.6062250137329102 174 171
0.6319413185119629 170 -80
0.6579794883728027 166 -184
0.6833767890930176 169 23
0.7104072570800781 174 192
0.7361412048339844 176 38
0.761927604675293 172 -101
0.787377119064331 169 -157
0.8135004043579102 172 23
0.8403441905975342 176 189
0.8672609329223633 174 -45
0.8934116363525391 170 -191
0.9205565452575684 172 77
0.9461972713470459 178 197
0.9716746807098389 178 0
0.9973466396331787 174 -136
1.0231976509094238 172 -143
1.0503523349761963 178 115
1.0761332511901855 183 224
1.1025714874267578 182 -99
1.1273014545440674 178 -161
1.154357671737671 177 -42
1.1806097030639648 181 198
1.2062439918518066 186 172
1.2319598197937012 184 -85
1.257967233657837 180 -163
1.2833011150360107 180 -35
1.3106307983398438 182 91
1.336188554763794 182 0
1.3619225025177002 178 -146
1.3873603343963623 176 0
1.4133105278015137 182 150
1.4404785633087158 188 246
1.4661979675292969 188 0
1.491675615310669 183 -181
1.5173702239990234 180 -183
1.5432665348052979 183 75
1.5705392360687256 188 177
1.5961523056030273 185 -54
1.6219713687896729 181 -171
1.6532728672027588 182 22
1.6796808242797852 187 174
1.7044329643249512 186 0
1.7305023670196533 182 -143
1.7562015056610107 182 -29
1.7819364070892334 186 87
1.8073725700378418 187 46
1.8332593441009521 183 -191
1.8600714206695557 178 -237
1.8847143650054932 179 91
1.9105191230773926 184 190
1.936293125152588 186 168
1.9620249271392822 182 -96
1.9885332584381104 177 -172
2.0133984088897705 178 33
2.0403196811676025 182 159
2.066873073577881 182 0
2.091670036315918 177 -176
2.1188037395477295 176 -165
2.143524408340454 180 93
2.17053484916687 185 187
2.196202516555786 183 -24
2.2220046520233154 178 -183
2.247396230697632 178 -30
2.273366689682007 183 186
2.3005032539367676 186 186
2.3261897563934326 183 -46
2.351999282836914 178 -178
2.378002166748047 180 34
2.4033443927764893 184 177
2.4304137229919434 185 40
2.4562184810638428 181 -104
2.481950283050537 176 -238
2.5073649883270264 176 76
2.5333428382873535 182 195
2.560304880142212 184 181
2.586228132247925 180 -191
2.6119751930236816 174 -199
2.638004779815674 175 73
2.6633412837982178 180 182
2.6904637813568115 180 0
2.7161426544189453 177 -145
2.741969347000122 174 -165
2.767385244369507 178 110
2.793358564376831 182 194
2.821044921875 181 -70
2.8461904525756836 176 -169
2.8716585636138916 176 -30
2.8974368572235107 180 142
2.92333984375 182 145
2.950411319732666 178 -90
2.9761645793914795 174 -176
3.0016682147979736 177 24
3.0272915363311768 181 160
3.0531179904937744 180 -44
3.0808701515197754 176 -155
3.1046035289764404 174 -94
3.1314401626586914 180 167
3.1562163829803467 185 195
3.182671546936035 184 -39
3.207440137863159 179 -189
3.2344183921813965 176 -43
3.260976552963257 180 118
3.286289930343628 184 170
3.312009334564209 183 -33
3.338026762008667 178 -192
3.363508462905884 176 -171
3.3905045986175537 179 101
3.4162051677703857 184 166
3.441986560821533 183 0
3.4673829078674316 179 -149
3.4935474395751953 180 -27
3.5203771591186523 183 125
3.5462090969085693 182 -33
3.5719046592712402 178 -154
3.5974433422088623 179 29
3.6235013008117676 183 173
3.6504299640655518 184 37
3.6761608123779297 180 -184
3.7019307613372803 175 -226
3.7273623943328857 176 36
3.7534995079040527 180 194
3.7803750038146973 183 45
3.806183099746704 179 -174
3.8319003582000732 174 -180
3.8574130535125732 176 81
3.883275270462036 180 173
3.910473346710205 180 0
3.936272382736206 176 -168
3.9620018005371094 173 -153
3.98740291595459 177 124
4.01335883140564 182 176
4.040459632873535 180 -27
4.066165208816528 175 -173
4.091651678085327 175 0
4.117358922958374 180 168
4.143244504928589 182 170
4.170197010040283 179 -42
4.1966712474823 175 -187
4.221579551696777 177 67
4.248934745788574 181 168
4.273131370544434 180 -68
4.300426006317139 175 -155
4.326103687286377 176 0
4.352005243301392 182 182
4.377413749694824 184 158
4.403544187545776 182 -22
4.430346488952637 178 -196
4.461679697036743 181 68
4.4816741943359375 186 239
4.507405519485474 188 40
4.533479452133179 183 -196
4.560435056686401 178 -174
4.586177587509155 179 82
4.6119935512542725 184 169
4.63737940788269 186 177
4.66353440284729 182 -94
4.690345764160156 177 -178
4.716189861297607 178 31
4.741675615310669 182 161
4.767429828643799 182 27
4.793475866317749 178 -167
4.820545673370361 176 -41
4.846139907836914 182 143
4.8720619678497314 188 247
4.897414684295654 188 0
4.923543214797974 183 -167
4.9504640102386475 180 -165
4.976234436035156 183 79
5.001923322677612 188 192
5.027389764785767 186 -25
5.053233623504639 181 -184
5.0801990032196045 181 37
5.106009244918823 184 85
5.131606578826904 184 -44
5.1572840213775635 180 -154
5.183146953582764 178 -131
5.2101826667785645 182 147
5.234827518463135 186 196
5.265623092651367 184 -85
5.291110038757324 178 -210
5.316512823104858 178 0
5.345325231552124 183 148
5.371508836746216 184 47
5.397305965423584 179 -145
5.426198959350586 175 -159
5.452127695083618 178 51
5.479547500610352 182 192
5.508555173873901 180 -54
5.5320539474487305 176 -108
5.559394598007202 175 -32
5.5843346118927 180 106
5.610605239868164 186 244
5.636241912841797 185 -34
5.668029069900513 180 -137
5.691910743713379 181 0
5.717447996139526 185 173
5.743331670761108 188 177
5.770628213882446 185 -21
5.796199560165405 181 -164
5.822028636932373 181 47
5.847411870956421 185 136
5.873419523239136 185 32
5.9005286693573 181 -187
5.9260780811309814 177 -175
5.951969623565674 178 31
5.977380990982056 183 172
6.003476858139038 183 0
6.0304436683654785 178 -166
6.056092977523804 177 -38
6.081933259963989 181 156
6.109288215637207 186 217
6.133344650268555 184 -30
6.161262273788452 181 -144
6.186915636062622 184 22
6.212778806686401 188 187
6.239470481872559 185 -25
6.264548063278198 181 -168
6.290643692016602 184 25
6.31623911857605 188 162
6.3419928550720215 185 -26
6.36839747428894 181 -147
6.393533945083618 184 26
6.420636892318726 188 187
6.446217060089111 185 -75
6.471922397613525 180 -185
6.497331380844116 180 0
6.523502826690674 184 145
6.550516843795776 184 -41
6.576183557510376 180 -184
6.60189962387085 175 -184
6.627444505691528 177 58
6.653477191925049 182 187
6.6805925369262695 182 0
6.706170558929443 178 -182
6.731967926025391 174 -161
6.757380723953247 177 80
6.7835283279418945 181 174
6.810494661331177 180 -68
6.836189270019531 176 -147
6.86166524887085 178 65
6.887441873550415 182 201
6.913322448730469 184 157
6.945598602294922 178 -184
6.970270156860352 172 -262
6.994775772094727 170 -106
7.021002769470215 174 147
7.046694993972778 180 229
7.072916507720947 180 0
7.119664192199707 170 -181
7.146700620651245 168 -154
7.172276258468628 171 105
7.1987223625183105 177 223
7.223461627960205 178 34
7.25035834312439 174 -96
7.276947736740112 171 -49
7.30165958404541 174 49
7.328695058822632 179 171
7.3535120487213135 176 -57
7.3806679248809814 173 -170
7.406212091445923 176 23
7.431966781616211 180 171
7.457357883453369 179 0
7.483506202697754 176 -146
7.5103490352630615 175 0
7.5361998081207275 179 185
7.561943292617798 184 189
7.587989091873169 182 -25
7.613315582275391 178 -185
7.640589475631714 180 22
7.671464920043945 184 178
7.692027807235718 182 -71
7.717397451400757 178 -168
7.743362665176392 180 68
7.770307779312134 183 164
7.796192169189453 181 -47
7.821902275085449 177 -165
7.8474438190460205 180 23
7.873301029205322 184 166
7.9004127979278564 182 -25
7.926138401031494 178 -150
7.951935291290283 180 77
7.977386474609375 183 158
8.00334644317627 181 -63
8.030349254608154 178 -172
8.056091785430908 180 46
8.081953287124634 185 172
8.108543634414673 183 -24
8.133420705795288 178 -186
8.160338640213013 178 -42
8.186116933822632 182 174
8.211655616760254 186 171
8.237289905548096 183 -22
8.263215780258179 180 -178
8.2911057472229 181 57
8.316136837005615 185 147
8.342654943466187 184 -75
8.367969751358032 179 -169
8.394057035446167 179 0
8.420543909072876 184 169
8.446244716644287 189 192
8.473459005355835 188 -70
8.500581741333008 183 -206
8.526119947433472 178 -188
8.551913022994995 180 70
8.577369689941406 184 175
8.60349988937378 181 -23
8.630505800247192 177 -154
8.656165599822998 179 23
8.68190860748291 183 175
8.707440853118896 183 -34
8.733490467071533 178 -163
8.76057243347168 177 -40
8.786189079284668 181 183
8.811975955963135 186 223
8.837371587753296 186 -32
8.863373517990112 181 -191
8.890655517578125 178 -167
8.916184425354004 181 72
8.945268392562866 185 186
8.970029592514038 183 -67
8.996948957443237 178 -174
9.022796869277954 180 33
9.049530506134033 184 169
9.09361982345581 175 -279
9.13450002670288 164 -336
9.15533709526062 161 -161
9.181181192398071 164 50
9.206922054290771 169 227
9.232635498046875 172 178
9.25900149345398 170 -23
9.28425908088684 167 -161
9.310503005981445 170 43
9.33622407913208 175 165
9.361999034881592 173 -79
9.387391567230225 170 -164
9.413522958755493 170 -31
9.440514326095581 175 199
9.466176271438599 179 172
9.491917610168457 176 -49
9.517448663711548 172 -170
9.543478727340698 176 89
9.57041883468628 180 174
9.596171617507935 178 -73
9.621936559677124 174 -152
9.647367238998413 177 84
9.677307367324829 181 186
9.703358888626099 178 -81
9.730333805084229 174 -198
9.756082773208618 176 49
9.781623840332031 181 172
9.807271242141724 180 -42
9.833160400390625 176 -167
9.860281944274902 174 0
9.885535717010498 180 161
9.911360025405884 185 229
9.937066078186035 184 0
9.962756872177124 180 -163
9.989269495010376 180 -33
