0.006018638610839844 0 0
0.03147482872009277 0 2
0.05785083770751953 6 245
0.08363199234008789 16 415
0.10942840576171875 30 514
0.137969970703125 46 611
0.1636981964111328 64 661
0.1901705265045166 81 694
0.22169089317321777 104 728
0.24188017845153809 119 741
0.267894983291626 139 755
0.2936420440673828 158 767
0.319411039352417 179 772
0.34678125381469727 198 682
0.3717489242553711 210 481
0.39875197410583496 217 195
0.42441868782043457 216 0
0.45014262199401855 210 -237
0.4772930145263672 199 -411
0.5019781589508057 187 -507
0.5278992652893066 173 -526
0.5536043643951416 162 -391
0.5793230533599854 158 -249
0.6053829193115234 160 26
0.6307504177093506 168 312
0.657731294631958 178 434
0.6844873428344727 190 390
0.7095956802368164 196 268
0.7369434833526611 197 39
0.7619407176971436 192 -202
0.7880556583404541 183 -360
0.8137154579162598 173 -351
0.8394920825958252 167 -243
0.8667950630187988 166 -38
0.8918948173522949 171 194
0.9178040027618408 178 301
0.9436070919036865 186 291
0.9693341255187988 191 195
0.996110200881958 192 176
1.0208961963653564 188 -80
1.0478429794311523 181 -258
1.0735816955566406 174 -249
1.0993402004241943 170 -156
1.1260747909545898 171 0
1.1508963108062744 174 125
1.177941083908081 180 224
1.2036049365997314 186 196
1.2293517589569092 188 151
1.25612473487854 188 0
1.28090500831604 184 -101
1.3078217506408691 179 -184
1.3335647583007812 175 -153
1.3593764305114746 174 -125
1.3860464096069336 175 21
1.410888433456421 178 64
1.43778395652771 182 152
1.4635894298553467 184 117
1.4904077053070068 185 0
1.5148251056671143 183 -61
1.540714979171753 180 -96
1.5676963329315186 178 -109
1.5934817790985107 176 -62
1.6190638542175293 177 0
1.6447465419769287 179 66
1.6717798709869385 181 78
1.6985194683074951 182 53
1.7235417366027832 182 18
1.7500650882720947 181 0
1.7753486633300781 180 -38
1.8015098571777344 179 -45
1.8277900218963623 178 -39
1.8536138534545898 179 0
1.8793561458587646 180 17
1.9053871631622314 180 28
1.9307971000671387 181 26
1.9579708576202393 180 10
1.9835474491119385 180 10
2.0093581676483154 180 3
2.0347700119018555 180 3
2.0609021186828613 180 0
2.087944746017456 180 0
2.1135966777801514 180 -2
2.1393003463745117 180 -2
2.1653635501861572 180 0
2.1908788681030273 180 0
2.2178094387054443 180 0
2.2435476779937744 180 0
2.2693862915039062 180 0
2.2954273223876953 180 0
2.320826768875122 180 0
2.3477044105529785 180 0
2.373542070388794 180 0
2.399287223815918 180 0
2.425363063812256 180 0
2.4508755207061768 180 0
2.4780001640319824 180 0
2.503577709197998 180 0
2.5293028354644775 180 0
2.554763078689575 180 0
2.5807671546936035 180 0
2.6076571941375732 180 0
2.6334846019744873 180 0
2.6590394973754883 180 0
2.6848039627075195 180 0
2.710674524307251 180 0
2.7378482818603516 180 0
2.764118194580078 180 0
2.789029598236084 180 0
2.8163986206054688 180 0
2.841423273086548 180 0
2.8678903579711914 180 0
2.8935463428497314 180 0
2.9193308353424072 180 0
2.944758415222168 180 0
2.970862865447998 180 0
2.9977145195007324 180 0
3.0235719680786133 180 0
3.0490591526031494 180 0
3.074824571609497 180 0
3.1009087562561035 180 0
3.1278464794158936 180 0
3.1535699367523193 180 0
3.1793735027313232 180 0
3.204786539077759 180 0
3.2309000492095947 180 0
3.2577364444732666 180 0
3.28354811668396 180 0
3.309281587600708 180 0
3.3348166942596436 180 0
3.360809564590454 180 0
3.3878443241119385 180 0
3.413581609725952 180 0
3.439359426498413 180 0
3.4647910594940186 180 0
3.49442720413208 180 0
3.519357681274414 180 0
3.5447981357574463 180 0
3.5706727504730225 180 0
3.5976483821868896 180 0
3.6235671043395996 180 0
3.649308443069458 180 0
3.6773223876953125 180 0
3.700895309448242 180 0
3.728623390197754 180 0
3.753479242324829 180 0
3.779862403869629 180 0
3.806105852127075 180 0
3.830970525741577 180 0
3.8577609062194824 180 0
3.883552074432373 180 0
3.909331798553467 180 0
3.9348301887512207 180 0
3.960707187652588 180 0
3.9878666400909424 180 0
4.01356315612793 180 0
4.039350271224976 180 0
4.064774990081787 180 0
4.090909004211426 180 0
4.117871999740601 180 0
4.143535614013672 180 0
4.1692821979522705 180 0
4.195343017578125 180 0
4.2207112312316895 180 0
4.24781608581543 180 0
4.273546457290649 180 0
4.2993004322052 180 0
4.324758291244507 180 0
4.350754499435425 180 0
4.377694845199585 180 0
4.403550386428833 180 0
4.42905592918396 180 0
4.455342769622803 180 0
4.480693578720093 180 0
4.507686614990234 180 0
4.533447265625 180 0
4.559024333953857 180 0
4.584744930267334 180 0
4.610710620880127 180 0
4.637710332870483 180 0
4.66349458694458 180 0
4.6893556118011475 180 0
4.714824676513672 180 0
4.741783142089844 180 0
4.767716407775879 180 0
4.794099569320679 180 0
4.8196797370910645 180 0
4.846350908279419 180 0
4.871550798416138 180 0
4.898056983947754 180 0
4.923563241958618 180 0
4.949361801147461 180 0
4.974791765213013 180 0
5.00075888633728 180 0
5.027700424194336 180 0
5.053555250167847 180 0
5.0827202796936035 180 0
5.108948707580566 180 0
5.1345202922821045 180 0
5.160290002822876 180 0
5.187026262283325 180 0
5.211886167526245 180 0
5.2421791553497314 180 0
5.263614892959595 180 0
5.289298057556152 180 0
5.314823150634766 180 0
5.340702772140503 180 0
5.367833852767944 180 0
5.394113540649414 180 0
5.41904091835022 180 0
5.446309328079224 180 0
5.471012353897095 180 0
5.502948045730591 180 0
5.5278708934783936 180 0
5.553555250167847 180 0
5.579295635223389 180 0
5.605366468429565 180 0
5.630913019180298 180 0
5.65784215927124 180 0
5.688834190368652 180 0
5.709432601928711 180 0
5.734795808792114 180 0
5.760782241821289 180 0
5.787642240524292 180 0
5.81351637840271 180 0
5.839061737060547 180 0
5.864823579788208 180 0
5.89085841178894 180 0
5.918045282363892 180 0
5.943536281585693 180 0
5.969355583190918 180 0
5.994769096374512 180 0
6.021798133850098 180 0
6.047885179519653 180 0
6.073575496673584 180 0
6.099279403686523 180 0
6.12534499168396 180 0
6.150714159011841 180 0
6.1776673793792725 180 0
6.203452825546265 180 0
6.229032039642334 180 0
6.256331443786621 180 0
6.2806007862091064 180 0
6.308673858642578 180 0
6.33344292640686 180 0
6.359922885894775 180 0
6.38615608215332 180 0
6.410983324050903 180 0
6.437760591506958 180 0
6.463580369949341 180 0
6.489299058914185 180 0
6.515352964401245 180 0
6.5407304763793945 180 0
6.567782878875732 180 0
6.593541145324707 180 0
6.619330883026123 180 0
6.644774675369263 180 0
6.671891212463379 180 0
6.697898626327515 180 0
6.723566055297852 180 0
6.749317646026611 180 0
6.775352954864502 180 0
6.80090069770813 180 0
6.827817440032959 180 0
6.853539228439331 180 0
6.879302740097046 180 0
6.904762268066406 180 0
6.930882930755615 180 0
6.957721471786499 180 0
6.983546495437622 180 0
7.009063720703125 180 0
7.0348310470581055 180 0
7.060897350311279 180 0
7.087828159332275 180 0
7.1135640144348145 180 0
7.1390540599823 180 0
7.164746046066284 180 0
7.190612077713013 180 0
7.217420339584351 180 0
7.242102861404419 180 0
7.267919063568115 180 0
7.293557167053223 180 0
7.319288492202759 180 0
7.345825672149658 180 0
7.370784759521484 180 0
7.397664546966553 180 0
7.424223184585571 180 0
7.449064254760742 180 0
7.4762187004089355 180 0
7.500967502593994 180 0
7.528169393539429 180 0
7.553569555282593 180 0
7.5793678760528564 180 0
7.604809045791626 180 0
7.630762815475464 180 0
7.657856702804565 180 0
7.683544158935547 180 0
7.709055662155151 180 0
7.734821796417236 180 0
7.760682106018066 180 0
7.787856340408325 180 0
7.813558340072632 180 0
7.8393237590789795 180 0
7.864764928817749 180 0
7.890736103057861 180 0
7.9179160594940186 180 0
7.943572759628296 180 0
7.969319105148315 180 0
7.995396375656128 180 0
8.020737409591675 180 0
8.047805786132812 180 0
8.07352614402771 180 0
8.09930968284607 180 0
8.124764204025269 180 0
8.15072751045227 180 0
8.177771806716919 180 0
8.20350432395935 180 0
8.229044198989868 180 0
8.25473427772522 180 0
8.280631065368652 180 0
8.310787439346313 180 0
8.33481740951538 180 0
8.360762357711792 180 0
8.388751983642578 180 0
8.413491249084473 180 0
8.439875841140747 180 0
8.466131925582886 180 0
8.49099087715149 180 0
8.517884492874146 180 0
8.543560981750488 180 0
8.569293737411499 180 0
8.595368146896362 180 0
8.620888471603394 180 0
8.647976160049438 180 0
8.673638582229614 180 0
8.699442148208618 180 0
8.730173826217651 180 0
8.757495641708374 180 0
8.782418012619019 180 0
8.808577299118042 180 0
8.834209680557251 180 0
8.860043287277222 180 0
8.886394023895264 180 0
8.911559343338013 180 0
8.937776327133179 180 0
8.963588953018188 180 0
8.989297151565552 180 0
9.015355110168457 180 0
9.04090166091919 180 0
9.067747116088867 180 0
9.093495607376099 180 0
9.119334697723389 180 0
9.144778728485107 180 0
9.170670986175537 180 0
9.197648286819458 180 0
9.22346043586731 180 0
9.249976396560669 180 0
9.274704933166504 180 0
9.301809549331665 180 0
9.327865600585938 180 0
9.353652477264404 180 0
9.379380941390991 180 0
9.405388355255127 180 0
9.430910587310791 180 0
9.457984685897827 180 0
9.483551502227783 180 0
9.513867616653442 180 0
9.534775733947754 180 0
9.56090521812439 180 0
9.587710857391357 180 0
9.613554954528809 180 0
9.639041662216187 180 0
9.664809942245483 180 0
9.690689325332642 180 0
9.717807054519653 180 0
9.74353551864624 180 0
9.76935076713562 180 0
9.794766426086426 180 0
9.820904731750488 180 0
9.847734928131104 180 0
9.873549938201904 180 0
9.899053812026978 180 0
9.924792289733887 180 0
9.95066523551941 180 0
9.977752208709717 180 0
