0.00506591796875 0 0
0.020729780197143555 0 0
0.027693748474121094 0 7
0.035841941833496094 2 65
0.0449066162109375 3 97
0.05296802520751953 5 125
0.06177401542663574 8 285
0.06967282295227051 12 333
0.07688045501708984 14 396
0.08486342430114746 18 435
0.09363937377929688 23 481
0.10195040702819824 28 511
0.10991168022155762 32 562
0.12451839447021484 40 594
0.132767915725708 46 613
0.14092493057250977 52 633
0.14993858337402344 57 652
0.15719151496887207 62 665
0.16536736488342285 67 683
0.17328572273254395 72 694
0.18134140968322754 78 705
0.18901920318603516 84 713
0.19717025756835938 90 725
0.20505642890930176 96 731
0.21310043334960938 102 741
0.22129559516906738 108 745
0.22905254364013672 114 750
0.23647451400756836 120 762
0.24512267112731934 126 766
0.2531287670135498 132 771
0.26137661933898926 138 771
0.2690773010253906 145 774
0.27647948265075684 151 780
0.2845335006713867 157 782
0.2925729751586914 164 787
0.30148959159851074 170 791
0.3092479705810547 176 790
0.3175070285797119 184 796
0.3256239891052246 190 790
0.33348941802978516 195 765
0.3417236804962158 201 687
0.35069704055786133 205 593
0.35773324966430664 209 490
0.36591315269470215 212 443
0.3737342357635498 214 366
0.38185858726501465 215 286
0.3899805545806885 216 185
0.39894652366638184 216 185
0.406613826751709 216 36
0.4145042896270752 215 0
0.4224886894226074 214 -23
0.43036556243896484 212 -76
0.43742990493774414 210 -254
0.445514440536499 207 -292
0.45453548431396484 204 -358
0.4629018306732178 200 -391
0.4709460735321045 196 -426
0.47886085510253906 192 -470
0.4863889217376709 188 -499
0.49439024925231934 184 -526
0.5032088756561279 180 -552
0.5113415718078613 175 -552
0.5263686180114746 168 -474
0.5344531536102295 164 -396
0.5426692962646484 162 -333
0.5516948699951172 161 -253
0.559593915939331 160 -177
0.5667920112609863 160 -177
0.5747144222259521 160 0
0.5829205513000488 162 87
0.5908551216125488 163 121
0.5996534824371338 166 149
0.6068940162658691 168 281
0.6148550510406494 171 326
0.6229002475738525 174 386
0.6308443546295166 178 420
0.6388413906097412 182 460
0.6465234756469727 186 490
0.6553745269775391 190 477
0.663306474685669 192 425
0.6714696884155273 194 346
0.6792101860046387 196 258
0.6866781711578369 197 181
0.6946184635162354 197 181
0.7034850120544434 196 0
0.7115814685821533 195 -82
0.7192769050598145 194 -118
0.7267241477966309 192 -146
0.7346768379211426 189 -279
0.7427220344543457 186 -310
0.7516298294067383 182 -371
0.7598414421081543 179 -406
0.7670962810516357 176 -438
0.7750167846679688 173 -429
0.7831642627716064 170 -388
0.7912900447845459 168 -325
0.7989983558654785 167 -246
0.8072428703308105 166 -199
0.8151109218597412 166 -109
0.8232929706573486 167 44
0.8313403129577637 168 27
0.8390047550201416 170 139
0.8464276790618896 172 172
0.8549807071685791 174 292
0.8630232810974121 178 336
0.8709447383880615 181 387
0.8788526058197021 184 412
0.8865540027618408 188 414
0.8944954872131348 190 359
0.9025416374206543 192 291
0.9116692543029785 193 230
0.9260058403015137 193 42
0.9339346885681152 192 -45
0.9426143169403076 190 -89
0.9506783485412598 188 -119
0.9593322277069092 186 -226
0.9667587280273438 184 -287
0.9747252464294434 180 -344
0.9827535152435303 177 -395
0.9907078742980957 174 -416
0.997711181640625 170 -412
1.007066011428833 168 -369
1.014970064163208 166 -274
1.0230236053466797 165 -234
1.0309624671936035 165 -155
1.0388243198394775 165 -44
1.0464463233947754 166 0
1.055981159210205 168 49
1.0639686584472656 170 186
1.072326898574829 172 212
1.0799829959869385 175 282
1.0871806144714355 177 346
1.095066785812378 180 398
1.1031198501586914 184 433
1.1122853755950928 189 471
1.120427131652832 192 452
1.1274652481079102 195 386
1.135582447052002 197 334
1.1434202194213867 198 258
1.1517107486724854 199 179
1.1606976985931396 199 179
1.167684555053711 198 0
1.175995111465454 197 -77
1.183953046798706 196 -112
1.1923117637634277 194 -115
1.2002837657928467 191 -255
1.2090163230895996 188 -307
1.2165086269378662 185 -378
1.2244348526000977 182 -407
1.2325103282928467 178 -433
1.2406325340270996 174 -464
1.2475824356079102 170 -446
1.2556493282318115 168 -415
1.2645413875579834 166 -339
1.272592544555664 164 -252
1.280491828918457 164 -195
1.2874608039855957 164 -195
1.295522928237915 164 -38
1.3035163879394531 165 74
1.3125696182250977 168 110
1.3269450664520264 172 285
1.3349993228912354 174 316
1.343294620513916 178 376
1.3515305519104004 182 416
1.3592619895935059 186 451
1.3675727844238281 189 432
1.3756587505340576 192 381
1.3834691047668457 193 292
1.3916163444519043 194 255
1.3993372917175293 195 175
1.4067590236663818 195 175
1.4156248569488525 194 0
1.4236106872558594 194 -39
1.431915044784546 192 -80
1.4398798942565918 190 -110
1.4471549987792969 188 -253
1.4550695419311523 185 -290
1.46384859085083 181 -356
1.4723286628723145 178 -398
1.4804208278656006 174 -427
1.4874238967895508 171 -412
1.4953930377960205 169 -382
1.503296136856079 168 -296
1.511397123336792 166 -237
1.5199599266052246 166 -237
1.5271883010864258 166 -237
1.535038709640503 166 -33
1.543236255645752 168 66
1.5512232780456543 169 101
1.5589234828948975 172 218
1.5673353672027588 175 271
1.5753240585327148 177 331
1.5832476615905762 180 396
1.5913262367248535 184 423
1.5990796089172363 188 461
1.6066763401031494 192 447
1.6154282093048096 195 391
1.6233417987823486 196 324
1.631526231765747 198 268
1.6392219066619873 198 190
1.6466894149780273 198 190
1.6546096801757812 198 32
1.6627686023712158 198 0
1.671656608581543 196 -21
1.6795709133148193 194 -172
1.6868031024932861 192 -237
1.6949045658111572 189 -281
1.7029471397399902 186 -349
1.710900068283081 183 -393
1.726379632949829 175 -455
1.734447956085205 172 -483
1.7426419258117676 168 -467
1.750746726989746 165 -422
1.7577192783355713 163 -346
1.7667913436889648 161 -273
1.7747790813446045 160 -235
1.7829771041870117 160 -168
1.79087495803833 160 0
1.7987620830535889 162 96
1.806312084197998 163 129
1.8138532638549805 165 118
1.823171854019165 168 277
1.8312203884124756 170 312
1.8389806747436523 174 375
1.8466529846191406 177 411
1.8545458316802979 181 447
1.8625869750976562 185 489
1.8715038299560547 190 507
1.879213571548462 193 491
1.886678695678711 196 442
1.8945913314819336 198 344
1.9027628898620605 200 296
1.9107146263122559 201 182
1.9193527698516846 201 182
1.9268980026245117 201 182
1.934852123260498 200 -35
1.9429481029510498 199 -22
1.951146125793457 198 -99
1.9589462280273438 196 -191
1.966566562652588 193 -291
1.9751849174499512 190 -326
1.9832162857055664 187 -379
1.9913580417633057 183 -405
1.9990513324737549 180 -449
2.0065114498138428 176 -473
2.0144152641296387 172 -457
2.023338794708252 169 -393
2.031442642211914 167 -332
2.0391287803649902 166 -283
2.046591281890869 165 -179
2.055143117904663 164 -49
2.0631206035614014 165 0
2.071880578994751 166 48
2.0802955627441406 168 91
2.0872979164123535 170 198
2.095191478729248 172 254
2.1031618118286133 174 297
2.111293315887451 178 361
2.123877763748169 184 430
2.1334898471832275 188 473
2.1419034004211426 193 495
2.1499550342559814 196 486
2.15720796585083 198 438
2.165085792541504 201 362
2.173757553100586 203 263
2.1819264888763428 204 238
2.1898632049560547 204 238
2.1971335411071777 204 238
2.205159902572632 203 0
2.213291883468628 202 -22
2.221378803253174 200 -186
2.2303378582000732 197 -212
2.2373647689819336 194 -297
2.2454116344451904 191 -338
2.2533464431762695 188 -389
2.2616536617279053 184 -423
2.2695813179016113 180 -459
2.2776341438293457 176 -496
2.2858235836029053 172 -506
2.2935943603515625 168 -497
2.3016841411590576 165 -449
2.3095531463623047 163 -365
2.3167741298675537 162 -291
2.32568097114563 160 -233
2.333468198776245 160 -233
2.3417043685913086 160 -233
2.349618911743164 160 -32
2.356846809387207 161 63
2.364727258682251 163 98
2.3726820945739746 165 125
2.3817648887634277 168 288
2.3896632194519043 172 329
2.396864652633667 174 389
2.404750347137451 178 417
2.412719249725342 182 461
2.420677661895752 186 491
2.4293158054351807 191 512
2.4367735385894775 194 492
2.4448559284210205 196 438
2.4529547691345215 199 360
2.464778423309326 201 256
2.4730794429779053 202 230
2.4874446392059326 201 0
2.506410598754883 198 -183
2.5345966815948486 188 -387
2.552788019180298 180 -460
2.567379951477051 171 -504
2.5838663578033447 162 -526
2.6008710861206055 157 -392
2.608766555786133 155 -330
2.6160073280334473 154 -288
2.6239118576049805 153 -199
2.6322708129882812 152 -175
2.6447417736053467 153 42
2.6623737812042236 157 183
2.6718716621398926 160 231
2.6806063652038574 163 312
2.687530994415283 166 378
2.6955997943878174 170 396
2.7045066356658936 174 454
2.7124977111816406 178 481
2.720480442047119 182 515
2.7275328636169434 186 530
2.735832929611206 190 522
2.743826389312744 193 465
2.7529585361480713 196 384
2.760923385620117 197 287
2.768829822540283 198 192
2.7763655185699463 199 171
2.7839581966400146 199 42
2.7924211025238037 198 -44
2.800490379333496 197 -54
2.8091564178466797 195 -158
2.816624641418457 193 -200
2.8245229721069336 190 -289
2.833146333694458 188 -329
2.841207981109619 184 -372
2.8489890098571777 181 -408
2.8572282791137695 177 -449
2.8654286861419678 172 -478
2.8733413219451904 170 -465
2.8814988136291504 166 -426
2.8892037868499756 164 -355
2.8966221809387207 162 -276
2.9051496982574463 162 -255
2.9131381511688232 161 -161
2.921325922012329 162 34
2.9363980293273926 164 76
2.944416046142578 166 107
2.952627182006836 169 275
2.961683511734009 172 311
2.9695565700531006 176 372
2.9767541885375977 178 404
2.9848291873931885 182 449
2.993112802505493 186 483
3.001014471054077 190 467
3.0098977088928223 193 424
3.017127513885498 195 346
3.0250771045684814 196 272
3.0331320762634277 197 235
3.0414011478424072 198 163
3.0491325855255127 197 43
3.0588912963867188 196 -82
3.0663938522338867 195 -76
3.0739738941192627 193 -184
3.082397222518921 191 -175
3.090294122695923 188 -284
3.0973215103149414 185 -340
3.1066882610321045 182 -390
3.114619016647339 178 -414
3.1227452754974365 175 -448
3.1306703090667725 172 -434
3.1376254558563232 169 -383
3.1457858085632324 167 -340
3.1535072326660156 166 -272
3.162733554840088 165 -156
3.1706690788269043 165 -44
3.1776719093322754 166 0
3.1857504844665527 166 35
3.1934642791748047 168 79
3.201556444168091 170 109
3.2104129791259766 173 288
3.217428207397461 176 320
3.2256412506103516 179 370
3.233480215072632 182 407
3.2416257858276367 186 443
3.2493371963500977 190 434
3.2576396465301514 192 373
3.2659249305725098 194 329
3.2737538814544678 195 239
3.2820091247558594 196 174
3.2899632453918457 196 174
3.2972724437713623 195 -41
3.305208921432495 194 -26
3.313990354537964 192 -165
3.32242751121521 188 -269
3.3369364738464355 184 -313
3.345074415206909 181 -374
3.3533143997192383 178 -406
3.362473249435425 173 -436
3.3703835010528564 170 -430
3.3773388862609863 168 -365
3.3855810165405273 166 -299
3.3933818340301514 165 -241
3.4016547203063965 164 -197
3.409620523452759 164 -119
3.4175679683685303 165 0
3.425576686859131 166 28
3.433394432067871 168 139
3.441513776779175 171 206
3.44920015335083 173 264
3.4566164016723633 176 343
3.4656059741973877 180 387
3.47352933883667 184 419
3.4816999435424805 188 461
3.4895901679992676 191 454
3.496798038482666 193 390
3.50472092628479 195 343
3.5136380195617676 197 244
3.5219919681549072 197 196
3.529994249343872 197 196
3.537212371826172 197 196
3.545064687728882 196 -31
3.553126573562622 195 -21
3.5612130165100098 193 -175
3.5699100494384766 190 -216
3.577164649963379 188 -292
3.5852210521698 185 -341
3.593315362930298 182 -389
3.6013705730438232 178 -414
3.6090645790100098 175 -442
3.6173367500305176 171 -435
3.6253976821899414 168 -381
3.633291244506836 167 -291
3.6415529251098633 165 -236
3.649207830429077 165 -165
3.6566641330718994 165 -165
3.665374517440796 166 0
3.6732614040374756 166 77
3.6813299655914307 168 76
3.6890175342559814 170 106
3.6964571475982666 172 274
3.7044878005981445 176 324
3.7125134468078613 179 379
3.721374034881592 182 408
3.735973358154297 190 472
3.743954658508301 193 457
3.752493143081665 196 420
3.760655403137207 198 289
3.7697081565856934 199 252
3.776949167251587 200 193
3.7848753929138184 200 193
3.792952299118042 199 33
3.800935983657837 198 -66
3.8087804317474365 197 -70
3.8170478343963623 195 -99
3.825420618057251 192 -250
3.833390951156616 190 -291
3.8415889739990234 186 -357
3.849320650100708 182 -388
3.8567490577697754 180 -436
3.8646743297576904 176 -461
3.8734724521636963 172 -452
3.8817014694213867 169 -396
3.8896288871765137 167 -335
3.8968544006347656 166 -262
3.904890775680542 165 -183
3.912881374359131 165 -183
3.921718120574951 166 -37
3.929572582244873 167 74
3.936755895614624 168 70
3.9448132514953613 170 139
3.952800989151001 173 279
3.960745334625244 176 327
3.9693410396575928 180 374
3.9767885208129883 183 411
3.9847218990325928 186 453
3.992729425430298 190 442
4.000965356826782 192 388
4.008894681930542 194 299
4.016392707824707 196 238
4.025047302246094 197 175
4.0332629680633545 197 41
4.041346549987793 196 0
4.049014329910278 195 -25
4.057181358337402 193 -116
4.065372705459595 190 -189
4.0743653774261475 188 -299
4.082444429397583 185 -315
4.090359926223755 182 -389
4.097347021102905 178 -407
4.105405807495117 174 -439
4.113295078277588 172 -436
4.122519254684448 169 -387
4.137176990509033 166 -268
4.145186424255371 165 -193
4.1533567905426025 165 -193
4.161728382110596 166 -34
4.169606447219849 167 66
4.1775195598602295 168 102
4.185815095901489 171 96
4.193542957305908 174 285
4.201635837554932 176 319
4.20929741859436 180 377
4.21671724319458 182 412
4.225407361984253 187 450
4.23333740234375 190 436
4.2416417598724365 193 384
4.249574899673462 194 332
4.256793260574341 196 259
4.264693260192871 196 174
4.27270245552063 196 174
4.281709909439087 196 38
4.28982138633728 194 -74
4.297062635421753 194 -44
4.305086135864258 192 -97
4.31315016746521 189 -253
4.321154832839966 186 -286
4.32993483543396 182 -355
4.337177276611328 180 -393
4.345066785812378 176 -427
4.353090286254883 173 -425
4.361285209655762 170 -381
4.368993759155273 168 -293
4.377185344696045 167 -199
4.385048866271973 166 -180
4.393110990524292 166 -180
4.4009785652160645 167 43
4.408836841583252 168 25
4.416295051574707 170 114
4.4243879318237305 172 213
4.433236598968506 175 296
4.4412219524383545 178 343
4.4489991664886475 182 394
4.45654559135437 185 418
4.464474678039551 188 416
4.472601652145386 191 372
4.481661558151245 193 276
4.489644765853882 194 255
4.496899843215942 194 169
4.50482964515686 194 45
4.512827157974243 193 0
4.520758867263794 192 -25
4.535839319229126 188 -182
4.544006824493408 185 -269
4.552636384963989 182 -328
4.560697793960571 179 -389
4.5677008628845215 176 -407
4.575874090194702 173 -396
4.584742307662964 170 -353
4.592733860015869 169 -272
4.600840091705322 168 -253
4.60836124420166 167 -163
4.61598539352417 168 -43
4.623779773712158 168 0
4.632788896560669 170 25
4.640722036361694 172 154
4.647705554962158 174 231
4.655862092971802 176 295
4.663803339004517 180 336
4.67194676399231 183 392
4.680957794189453 186 423
4.688877820968628 190 415
4.6963865756988525 192 358
4.703961610794067 194 292
4.712311506271362 195 198
4.720425367355347 195 177
4.727456092834473 195 177
4.73645806312561 194 -38
4.743994951248169 193 -23
4.752377033233643 192 -79
4.760337829589844 190 -188
4.767357349395752 187 -266
4.775393009185791 184 -306
4.78469443321228 181 -374
4.792731285095215 177 -405
4.8006627559661865 174 -436
4.807607173919678 170 -426
4.815917730331421 168 -385
4.823760986328125 166 -297
4.8327741622924805 165 -238
4.840921401977539 164 -192
4.848792791366577 164 -192
4.856277942657471 165 0
4.863778352737427 166 70
4.87189507484436 168 81
4.87981915473938 170 133
4.887704610824585 173 262
4.895834684371948 176 317
4.903777837753296 180 387
4.911957025527954 183 415
4.919887542724609 187 456
4.927117347717285 190 429
4.9433019161224365 194 324
4.951551675796509 196 269
4.959258794784546 196 193
4.9669671058654785 196 193
4.974895715713501 196 34
4.982941150665283 195 -28
4.991828680038452 193 -44
4.999778509140015 191 -75
5.007095813751221 189 -262
5.015036106109619 186 -293
5.023213863372803 183 -360
5.031214475631714 180 -394
5.0399885177612305 175 -430
5.047224760055542 173 -424
5.067010879516602 168 -262
5.083918571472168 166 -35
5.108904600143433 170 81
5.129751205444336 177 305
5.1529316902160645 186 445
5.193658828735352 202 269
5.2260048389434814 202 -29
5.254493713378906 197 -283
5.269839286804199 191 -341
5.2770819664001465 189 -391
5.285056829452515 185 -421
5.293792486190796 180 -458
5.301899671554565 176 -491
5.309821128845215 172 -504
5.317059278488159 169 -492
5.325116872787476 166 -452
5.340489625930786 162 -323
5.349163293838501 160 -193
5.356719493865967 160 -193
5.364738702774048 160 -193
5.372684955596924 161 38
5.380845308303833 162 52
5.388800144195557 164 195
5.396961212158203 167 220
5.404883146286011 170 262
5.412920236587524 172 355
5.420841217041016 176 388
5.427766561508179 180 433
5.4359071254730225 184 462
5.444846868515015 188 494
5.4529643058776855 191 485
5.4611976146698 194 429
5.469014644622803 196 344
5.476578712463379 198 271
5.486391544342041 199 164
5.495121479034424 200 106
5.503298044204712 199 -47
5.5113747119903564 198 -28
5.519067287445068 196 -134
5.526543855667114 194 -160
5.5344765186309814 192 -279
5.542564630508423 189 -313
5.551490783691406 186 -372
5.559223175048828 181 -400
5.566767930984497 178 -443
5.574709177017212 174 -466
5.582690715789795 171 -453
5.590818405151367 168 -418
5.599668979644775 166 -348
5.606873989105225 164 -265
5.61478590965271 164 -245
5.622973918914795 164 -245
5.630908489227295 164 -245
5.638374328613281 164 0
5.6470019817352295 166 21
5.6548895835876465 168 54
5.662882089614868 170 244
5.67081618309021 173 284
5.677779912948608 176 357
5.68632435798645 179 397
5.693892478942871 183 429
5.703057765960693 187 469
5.711002826690674 190 457
5.718916893005371 193 422
5.726569175720215 195 343
5.7409937381744385 198 199
5.750322341918945 198 199
5.757328033447266 198 34
5.765583753585815 196 -32
5.773443222045898 196 -23
5.781544208526611 193 -184
5.789258241653442 191 -231
5.796741724014282 188 -297
5.8057801723480225 185 -344
5.813534498214722 182 -383
5.821721792221069 178 -419
5.829617500305176 174 -452
5.836847305297852 172 -443
5.844746112823486 169 -385
5.853610992431641 166 -298
5.861910343170166 165 -244
5.869812726974487 165 -183
5.8770177364349365 164 -159
5.884907484054565 165 0
5.892906188964844 166 44
5.9017345905303955 168 86
5.909625768661499 170 198
5.9168877601623535 172 258
5.92497181892395 174 295
5.932973861694336 178 362
5.940874814987183 181 391
5.9487457275390625 185 439
5.956954002380371 189 473
5.964892148971558 192 462
5.973004341125488 195 420
5.981211185455322 197 344
5.988977670669556 199 257
5.996428728103638 200 231
6.005131244659424 200 231
6.013142347335815 200 231
6.021190643310547 199 0
6.028921127319336 198 -60
6.036395311355591 196 -93
6.044500827789307 194 -208
6.05323600769043 190 -299
6.062334299087524 188 -322
6.070261001586914 184 -380
6.077303409576416 180 -413
6.085217475891113 178 -454
6.093268871307373 174 -478
6.101485729217529 170 -466
6.110476016998291 167 -390
6.11746621131897 164 -327
6.12554931640625 163 -271
6.140012502670288 162 -172
6.147280931472778 162 -42
6.156611442565918 163 38
6.164733648300171 164 51
6.172695159912109 166 190
6.1806640625 168 231
6.187583923339844 171 266
6.195648908615112 174 338
6.204524755477905 178 398
6.212597608566284 181 433
6.2206573486328125 185 475
6.227670192718506 189 493
6.2358152866363525 193 480
6.243820905685425 196 440
6.251955986022949 198 367
6.260906219482422 200 268
6.268771171569824 200 192
6.276358127593994 200 192
6.284405946731567 200 35
6.29242730140686 199 0
6.300334215164185 198 -23
6.309027671813965 196 -76
6.316505193710327 193 -262
6.324347496032715 190 -293
6.332463264465332 187 -351
6.340496778488159 184 -391
6.347509860992432 180 -436
6.3565514087677 176 -471
6.364592552185059 172 -492
6.372699737548828 168 -479
6.380630970001221 166 -430
6.387594699859619 163 -344
6.395667552947998 162 -297
6.40360164642334 161 -237
6.412698030471802 160 -188
6.420690059661865 160 -36
6.42760705947876 162 39
6.435641765594482 163 53
6.4434380531311035 164 194
6.4515533447265625 168 242
6.46064019203186 170 305
6.467566967010498 174 369
6.47566556930542 177 387
6.483517408370972 180 431
6.4917051792144775 184 468
6.499839782714844 189 494
6.507112503051758 191 472
6.5162200927734375 195 433
6.523972034454346 197 341
6.532357454299927 199 195
6.546311140060425 200 195
6.554348945617676 200 195
6.563278436660767 199 0
6.57151198387146 198 -66
6.579212665557861 196 -99
6.58680272102356 194 -202
6.594706773757935 192 -287
6.602774381637573 188 -319
6.6115403175354 184 -379
6.619266986846924 182 -410
6.626729488372803 178 -448
6.634795188903809 174 -469
6.642993450164795 170 -460
6.650883197784424 168 -414
6.658363103866577 166 -343
6.667142152786255 164 -274
6.6751039028167725 163 -230
6.683133602142334 163 -165
6.6911680698394775 163 0
6.698850154876709 164 37
6.706461191177368 166 82
6.715073585510254 168 113
6.723117113113403 170 271
6.731112718582153 173 301
6.738860607147217 176 369
6.746337175369263 180 406
6.753900766372681 184 436
6.76307225227356 188 477
6.771156549453735 191 456
6.778978586196899 194 387
6.786482334136963 196 349
6.794352769851685 197 265
6.802408456802368 198 238
6.810365676879883 198 238
6.8190882205963135 198 32
6.82667088508606 196 -65
6.834558725357056 195 -71
6.842625856399536 193 -126
6.850573301315308 190 -260
6.857572317123413 187 -315
6.866695165634155 184 -371
6.874642610549927 181 -396
6.8828020095825195 177 -440
6.89094877243042 173 -465
6.898845434188843 170 -451
6.906358003616333 167 -386
6.91388726234436 165 -323
6.923099517822266 164 -242
6.93101167678833 163 -186
6.944932222366333 163 0
6.953099012374878 164 96
6.96132493019104 166 95
6.970396280288696 168 158
6.977337837219238 170 255
6.985350131988525 173 308
6.993298053741455 176 369
7.001528024673462 180 402
7.009241819381714 183 437
7.017442226409912 188 477
7.025745153427124 191 467
7.033498525619507 194 431
7.04161810874939 196 357
7.04934024810791 198 252
7.057499885559082 198 165
7.0657994747161865 198 47
7.074734926223755 198 0
7.082704544067383 196 -26
7.090662717819214 195 -126
7.097612142562866 192 -181
7.10568380355835 190 -268
7.11351752281189 188 -304
7.122889995574951 184 -375
7.130873918533325 180 -399
7.138741493225098 177 -441
7.1462907791137695 173 -467
7.154357433319092 170 -455
7.162402391433716 167 -418
7.170987606048584 165 -338
7.1788413524627686 163 -246
7.186465501785278 162 -231
7.193989515304565 162 -164
7.20235800743103 162 -47
7.210249185562134 163 40
7.217261791229248 164 81
7.226360321044922 167 111
7.233896493911743 169 226
7.242406368255615 172 265
7.250261068344116 175 349
7.257282257080078 178 395
7.265340805053711 181 422
7.273977518081665 186 466
7.282484531402588 189 457
7.290431976318359 192 390
7.297426462173462 194 325
7.305649757385254 196 251
7.313491344451904 196 251
7.322656631469727 196 45
7.330680847167969 196 45
7.344611883163452 194 -24
7.352777719497681 192 -138
7.3611180782318115 190 -220
7.368943691253662 187 -298
7.377302408218384 184 -326
7.385217189788818 181 -384
7.393217325210571 178 -415
7.401291131973267 174 -442
7.408987283706665 170 -435
7.416582345962524 168 -394
7.425356149673462 166 -335
7.433259725570679 164 -248
7.44133186340332 164 -194
7.44901442527771 164 -194
7.456444501876831 164 0
7.468784809112549 166 78
7.483723878860474 172 257
7.497685432434082 177 349
7.516424894332886 184 447
7.532659530639648 192 496
7.547285318374634 198 392
7.5617125034332275 202 323
7.580309629440308 203 198
7.593854188919067 202 0
7.602369070053101 201 -23
7.610285758972168 199 -103
7.6173388957977295 197 -208
7.625362873077393 195 -293
7.6427857875823975 188 -391
7.656911373138428 181 -455
7.665779113769531 176 -482
7.6737730503082275 172 -499
7.681873321533203 168 -498
7.689802408218384 165 -434
7.697765111923218 163 -357
7.705937385559082 161 -296
7.713719844818115 160 -239
7.7219836711883545 160 -239
7.72987174987793 160 -239
7.743227243423462 160 28
7.752735376358032 162 67
7.760879039764404 164 95
7.7683234214782715 167 264
7.776350498199463 170 307
7.7840049266815186 173 366
7.792996406555176 176 404
7.801297664642334 180 446
7.808996915817261 184 485
7.816512823104858 188 503
7.824435710906982 192 489
7.832482576370239 195 458
7.841127872467041 198 375
7.850007772445679 200 277
7.857314109802246 200 240
7.865329265594482 201 179
7.876604318618774 200 0
7.884471416473389 199 -75
7.892504930496216 198 -78
7.901533603668213 195 -139
7.909277677536011 193 -282
7.916785717010498 190 -317
7.92470121383667 187 -372
7.932926654815674 183 -402
7.940866470336914 180 -442
7.949801445007324 175 -469
7.956994533538818 172 -460
7.9650352001190186 170 -390
7.973080158233643 167 -331
7.980973482131958 166 -279
7.988836288452148 165 -182
7.997138977050781 164 -157
8.005033493041992 165 0
8.013062000274658 166 44
8.021303176879883 167 87
8.028992652893066 169 172
8.036423683166504 171 225
8.043933391571045 174 275
8.053094625473022 178 347
8.062353372573853 181 385
8.0700101852417 185 432
8.077286958694458 189 468
8.08560824394226 192 463
8.093487739562988 194 418
8.102639436721802 197 331
8.110564231872559 198 251
8.117581367492676 199 171
8.12566328048706 199 171
8.133511304855347 199 0
8.149020433425903 196 -85
8.156608581542969 194 -197
8.164690256118774 192 -221
8.172933340072632 190 -283
8.180886030197144 186 -341
8.188785552978516 183 -384
8.19642686843872 180 -426
8.205216407775879 176 -454
8.213212966918945 172 -448
8.221282958984375 170 -388
8.228942394256592 167 -344
8.236412286758423 166 -276
8.243948936462402 165 -236
8.25304126739502 165 -170
8.261309146881104 165 -38
8.268994569778442 166 33
8.27644968032837 168 47
8.283936738967896 170 191
8.292306423187256 172 217
8.300915241241455 174 291
8.30882978439331 178 359
8.31632685661316 181 388
8.324421405792236 185 436
8.33247995376587 189 468
8.340429782867432 192 449
8.347433090209961 195 391
8.356644630432129 197 327
8.36454153060913 198 251
8.372549057006836 199 171
8.380657434463501 199 171
8.387654066085815 198 0
8.395676374435425 198 -44
8.404545307159424 196 -86
8.412651777267456 194 -196
8.420627355575562 192 -268
8.427603483200073 189 -301
8.43567967414856 186 -342
8.443675994873047 182 -390
8.45199728012085 178 -429
8.460914611816406 175 -456
8.468778133392334 172 -446
8.476377248764038 169 -381
8.483879089355469 167 -339
8.492255449295044 165 -254
8.50033688545227 164 -178
8.50907301902771 164 -178
8.516470193862915 165 0
8.523959636688232 166 73
8.53227949142456 168 83
8.54487919807434 171 231
8.55558967590332 175 294
8.563689470291138 178 351
8.57194972038269 182 392
8.580264329910278 185 434
8.587323904037476 189 471
8.595420122146606 192 461
8.603374719619751 195 399
8.612543106079102 197 351
8.620644092559814 199 244
8.627642154693604 200 180
8.63578200340271 200 180
8.64350175857544 199 0
8.651646852493286 198 -88
8.660758256912231 196 -120
8.667784452438354 194 -194
8.675937175750732 191 -270
8.68392539024353 188 -305
8.692317008972168 185 -364
8.700013160705566 182 -390
8.708917617797852 178 -441
8.716559886932373 174 -465
8.724450826644897 170 -455
8.732457399368286 168 -424
8.740488529205322 166 -330
8.747517824172974 164 -255
8.755577564239502 164 -177
8.764494895935059 163 -177
8.772502899169922 164 -38
8.780405759811401 164 30
8.7873694896698 166 24
8.795336246490479 167 167
8.803421020507812 170 235
8.812526941299438 173 278
8.82042670249939 176 362
8.82740592956543 180 396
8.835440397262573 183 425
8.843533277511597 187 467
8.851668357849121 190 462
8.86082911491394 193 397
8.868818283081055 195 331
8.876340389251709 197 243
8.88389801979065 198 178
8.892349004745483 198 178
8.900280952453613 197 38
8.907331943511963 196 -74
8.916424989700317 195 -74
8.924521446228027 193 -103
8.932559728622437 191 -215
8.945115804672241 187 -328
8.954946994781494 182 -381
8.963849306106567 178 -407
8.972517013549805 174 -443
8.98063349723816 172 -428
8.98757553100586 169 -370
8.995669841766357 167 -333
9.00346565246582 166 -259
9.01258373260498 165 -180
9.020494937896729 165 -180
9.027493715286255 166 0
9.035506248474121 167 76
9.043537855148315 169 112
9.05167007446289 171 140
9.060467720031738 174 299
9.069093942642212 177 338
9.07648515701294 180 391
9.083998680114746 184 425
9.092468023300171 188 452
9.100599527359009 191 436
9.107572078704834 194 387
9.116620302200317 195 295
9.124538898468018 196 241
9.132636785507202 197 193
9.140580415725708 197 193
9.147545337677002 197 31
9.155597925186157 196 -32
9.164735794067383 194 -46
9.172788143157959 193 -100
9.180755138397217 190 -234
9.187727689743042 188 -280
9.19591474533081 184 -336
9.203728437423706 181 -386
9.211857557296753 178 -424
9.221010208129883 174 -447
9.228908777236938 171 -435
9.236492156982422 168 -393
9.244009256362915 166 -328
9.25237488746643 165 -251
9.260013818740845 164 -178
9.268853902816772 164 -178
9.276284217834473 165 0
9.283963918685913 166 26
9.292369604110718 168 122
9.30025339126587 170 148
9.307288646697998 172 274
9.31650710105896 176 337
9.324428081512451 179 387
9.332428216934204 182 410
9.340542793273926 188 453
9.355093717575073 192 411
9.363350629806519 194 340
9.37265682220459 195 255
9.380727529525757 196 198
9.387740135192871 196 198
9.395936727523804 195 37
9.403855562210083 194 -73
9.412276029586792 192 -108
9.420996904373169 190 -206
9.42894697189331 187 -290
9.436383485794067 184 -317
9.44392991065979 181 -365
9.45229196548462 178 -392
9.460413932800293 174 -431
9.469090700149536 171 -419
9.47659683227539 168 -364
9.484462022781372 167 -287
9.492624998092651 166 -197
9.500497341156006 165 -146
9.50743293762207 165 -104
9.515378475189209 166 0
9.524521350860596 167 98
9.53251838684082 169 131
9.540375709533691 171 211
9.54735541343689 174 283
9.555319786071777 176 318
9.56324315071106 179 373
9.572309970855713 184 412
9.58044171333313 187 450
9.587450504302979 190 435
9.595449209213257 193 387
9.603386878967285 194 330
9.611537456512451 196 274
9.61923861503601 197 171
9.627563714981079 196 41
9.635620832443237 196 0
9.643622636795044 195 -80
9.65170955657959 193 -80
9.659609079360962 191 -144
9.666840553283691 189 -266
9.675778865814209 185 -311
9.683550596237183 182 -370
9.691620111465454 178 -397
9.699747800827026 175 -429
9.706944704055786 173 -418
9.714850187301636 170 -379
9.72355341911316 168 -290
9.73169994354248 167 -230
9.739583253860474 166 -179
9.75396180152893 167 42
9.762612104415894 168 55
9.770660161972046 170 171
9.779177188873291 173 213
9.786795377731323 175 295
9.794659614562988 178 340
9.802673101425171 182 391
9.810772895812988 185 413
9.81777286529541 188 414
9.82708191871643 191 369
9.835001707077026 192 284
9.84304141998291 194 253
9.850997686386108 194 170
9.858880281448364 194 45
9.866374731063843 193 0
9.87506103515625 192 -25
9.883290529251099 190 -155
9.891359329223633 188 -182
9.899085283279419 186 -292
9.906597375869751 182 -325
9.914499282836914 179 -379
9.922480583190918 176 -397
9.931324005126953 173 -383
9.93901801109314 171 -341
9.946590185165405 169 -271
9.954480171203613 168 -236
9.962488174438477 168 -174
9.970405340194702 168 -44
9.979043960571289 169 88
9.986495018005371 171 83
9.993974685668945 173 113
