0.005933523178100586 0 0
0.020409584045410156 0 0
0.029399633407592773 0 0
0.03677773475646973 1 3
0.0449066162109375 1 8
0.05266451835632324 3 14
0.05969357490539551 4 110
0.06738018989562988 5 159
0.07598233222961426 7 194
0.08377456665039062 9 207
0.09054803848266602 11 231
0.0983731746673584 12 245
0.10627102851867676 15 263
0.11398553848266602 17 280
0.12077903747558594 19 293
0.12982535362243652 22 299
0.13753271102905273 24 312
0.14542603492736816 27 318
0.15333127975463867 30 331
0.16019821166992188 32 338
0.16803693771362305 35 345
0.1765913963317871 38 347
0.18456053733825684 41 352
0.19208240509033203 43 356
0.21588540077209473 52 370
0.22895073890686035 59 373
0.2507002353668213 67 377
0.2738189697265625 74 380
0.29942750930786133 84 386
0.32886433601379395 95 385
0.3700900077819824 111 388
0.39743947982788086 122 392
0.4181251525878906 130 394
0.4349179267883301 138 392
0.46553492546081543 149 393
0.4875657558441162 157 393
0.510648250579834 167 390
0.5321834087371826 182 395
0.5720710754394531 191 392
0.5959563255310059 200 376
0.6038806438446045 202 338
0.6107244491577148 203 263
0.6188156604766846 205 199
0.6282210350036621 205 147
0.6368541717529297 205 147
0.6452677249908447 205 33
0.6528146266937256 205 33
0.6599245071411133 204 -61
0.6677002906799316 203 -89
0.675727128982544 201 -113
0.6843500137329102 200 -161
0.6919479370117188 198 -187
0.6993594169616699 197 -186
0.71449875831604 193 -239
0.7220942974090576 191 -260
0.7296557426452637 189 -274
0.7382030487060547 186 -288
0.7461159229278564 184 -298
0.7539205551147461 181 -301
0.7607619762420654 179 -309
0.7689230442047119 176 -316
0.7764935493469238 175 -306
0.7854938507080078 173 -277
0.7930002212524414 171 -187
0.8000290393829346 171 -152
0.8079051971435547 171 -152
0.815758466720581 171 -34
0.8236179351806641 172 0
0.8303790092468262 173 63
0.8393688201904297 173 39
0.8467824459075928 175 87
0.8547098636627197 176 159
0.8622262477874756 177 190
0.869542121887207 179 199
0.8769147396087646 181 219
0.8859093189239502 183 242
0.8938186168670654 185 227
0.9006509780883789 186 191
0.9086041450500488 187 157
0.9163126945495605 187 157
0.9242181777954102 187 157
0.9318768978118896 186 0
0.9401826858520508 185 -59
0.9480702877044678 184 -95
0.955967903137207 183 -83
0.9638006687164307 181 -146
0.9706206321716309 180 -187
0.9785494804382324 178 -186
0.9862539768218994 176 -214
0.9952795505523682 175 -211
1.0029501914978027 174 -187
1.009993314743042 174 -157
1.0177061557769775 174 -157
1.0255398750305176 174 -30
1.0329973697662354 175 0
1.0407512187957764 175 55
1.0486164093017578 177 37
1.0562822818756104 178 120
1.0643739700317383 179 160
1.071875810623169 181 197
1.0789859294891357 183 197
1.0866379737854004 184 198
1.0956377983093262 185 198
1.1080288887023926 185 160
1.117691993713379 185 30
1.1257808208465576 185 0
1.1336638927459717 183 -56
1.1422295570373535 183 -35
1.1495239734649658 181 -122
1.1569199562072754 179 -166
1.164900541305542 178 -189
1.17262864112854 177 -189
1.1796543598175049 176 -164
1.187520980834961 176 -95
1.196310043334961 176 -41
1.2049760818481445 177 0
1.212693452835083 177 30
1.219698429107666 178 40
1.2273859977722168 179 97
1.2350151538848877 181 130
1.2439672946929932 183 178
1.2507774829864502 184 168
1.2588071823120117 184 168
1.2664315700531006 185 146
1.2743656635284424 184 40
1.2818880081176758 184 -34
1.2890141010284424 183 -73
1.2977344989776611 182 -66
1.305748701095581 181 -117
1.313502311706543 179 -154
1.3203456401824951 177 -186
1.3282268047332764 177 -179
1.3360984325408936 176 -152
1.3447227478027344 175 -152
1.3525636196136475 176 -34
1.3596208095550537 176 36
1.3674612045288086 177 62
1.3750195503234863 178 44
1.3827896118164062 179 88
1.3899893760681152 181 145
1.3986430168151855 183 191
1.4063360691070557 184 185
1.4142968654632568 185 170
1.4218742847442627 185 170
1.429358720779419 185 170
1.4367733001708984 184 30
1.4457271099090576 183 -55
1.4536454677581787 182 -19
1.460447072982788 181 -81
1.468332290649414 180 -154
1.4761521816253662 179 -178
1.4841663837432861 177 -180
1.4913725852966309 177 -151
1.4998106956481934 176 -151
1.5142390727996826 177 -30
1.521836519241333 177 0
1.5293309688568115 178 54
1.5368359088897705 179 34
1.5449013710021973 181 120
1.553617000579834 182 175
1.5604846477508545 184 197
1.5682411193847656 185 196
1.5761525630950928 186 165
1.584174633026123 186 150
1.5918259620666504 186 38
1.5999257564544678 185 -39
1.6126039028167725 184 -95
1.619720697402954 183 -72
1.6274662017822266 181 -144
1.6353328227996826 180 -173
1.6429340839385986 178 -195
1.6568825244903564 176 -166
1.672969102859497 176 -40
1.6884222030639648 177 82
1.7045378684997559 179 96
1.722879409790039 183 179
1.7388644218444824 187 204
1.754776954650879 188 142
1.7664635181427002 188 142
1.7744314670562744 187 33
1.781947374343872 187 0
1.7893924713134766 186 -85
1.7968454360961914 185 -36
1.8125765323638916 181 -171
1.826650857925415 179 -203
1.837712287902832 176 -229
1.8457608222961426 175 -229
1.8536243438720703 174 -180
1.8604323863983154 173 -148
1.8689985275268555 173 -148
1.876619815826416 173 -42
1.8845171928405762 174 36
1.892031192779541 175 93
1.8993136882781982 176 68
1.9155380725860596 179 174
1.92348313331604 181 186
1.930368185043335 183 211
1.938450813293457 184 209
1.9463796615600586 185 204
1.9543094635009766 185 160
1.961888074874878 185 160
1.9699463844299316 185 30
1.97788405418396 185 0
1.985727310180664 183 -56
1.9935474395751953 183 -35
2.0004138946533203 181 -122
2.008207321166992 180 -164
2.0168213844299316 178 -188
2.0249440670013428 177 -190
2.0326638221740723 176 -166
2.039696455001831 176 -135
2.0473639965057373 176 -38
2.055020570755005 177 0
2.062741994857788 177 30
2.0705151557922363 178 40
2.078341484069824 179 62
2.0862720012664795 181 131
2.0941412448883057 182 178
2.101393699645996 183 171
2.1090102195739746 184 165
2.11765718460083 185 134
2.1255276203155518 184 45
2.1330227851867676 183 -36
2.1401379108428955 183 -82
2.1482107639312744 182 -44
2.156087636947632 181 -102
2.163869857788086 179 -150
2.1726467609405518 177 -179
2.179701566696167 177 -178
2.1873843669891357 176 -147
2.195014476776123 175 -147
2.203901767730713 176 -35
2.210703134536743 176 36
2.219634771347046 177 65
2.226984977722168 178 44
2.235328435897827 179 90
2.2428324222564697 181 144
2.2498950958251953 183 187
2.2576427459716797 184 182
2.2656872272491455 185 167
2.2744739055633545 185 167
2.282013177871704 185 167
2.289361000061035 184 31
2.2967870235443115 183 -28
2.3047308921813965 181 -60
2.319303512573242 180 -143
2.3270318508148193 178 -184
2.3354125022888184 177 -184
2.343299388885498 176 -161
2.3501079082489014 176 -161
2.3578217029571533 176 -161
2.365778923034668 177 -28
2.3744540214538574 177 0
2.381924629211426 178 18
2.389350175857544 179 34
2.3967087268829346 181 128
2.404733419418335 183 175
2.4123408794403076 183 174
2.420335292816162 184 150
2.4281704425811768 184 150
2.4360835552215576 184 150
2.4440290927886963 183 0
2.450786828994751 183 -30
2.4587624073028564 182 -97
2.4663643836975098 181 -61
2.4753241539001465 179 -130
2.482879161834717 178 -170
2.489906072616577 177 -175
2.4977517127990723 176 -156
2.5057461261749268 176 -42
2.5134966373443604 176 -42
2.520270824432373 177 0
2.5288665294647217 177 30
2.536438226699829 178 40
2.5442276000976562 179 99
2.551799774169922 181 154
2.558898687362671 183 181
2.58589506149292 185 156
2.6020827293395996 183 -65
2.62078857421875 181 -89
2.630021095275879 179 -157
2.6377553939819336 177 -187
2.6456167697906494 176 -184
2.6533987522125244 175 -160
2.6602306365966797 175 -160
2.6768298149108887 176 32
2.693941593170166 178 42
2.711613416671753 181 181
2.7203288078308105 183 189
2.7294223308563232 185 215
2.7370054721832275 187 216
2.745509147644043 188 179
2.7534327507019043 188 164
2.7602975368499756 188 164
2.768049955368042 188 31
2.776585102081299 187 -33
2.784588575363159 186 -57
2.7921228408813477 185 -64
2.799428701400757 184 -131
2.8069307804107666 182 -166
2.814959764480591 181 -189
2.822746515274048 179 -199
2.8306233882904053 177 -228
2.8385465145111084 175 -225
2.8462188243865967 175 -187
2.853926420211792 174 -155
2.860741138458252 174 -155
2.8727684020996094 174 -31
2.880558729171753 175 0
2.8885884284973145 176 55
2.896245241165161 177 37
2.9039998054504395 178 139
2.911320686340332 179 174
2.918769121170044 181 197
2.926516056060791 183 210
2.9354677200317383 185 208
2.9430296421051025 185 186
2.950131893157959 186 161
2.9578895568847656 186 47
2.965763807296753 185 0
2.973484992980957 185 -43
2.9819865226745605 184 -47
2.9894771575927734 183 -104
2.9968764781951904 181 -140
3.004929542541504 179 -174
3.0128142833709717 178 -182
3.0199103355407715 177 -188
3.027611494064331 176 -157
3.0362260341644287 175 -93
3.0442135334014893 176 0
3.0513789653778076 176 43
3.0586917400360107 177 43
3.066314220428467 178 47
3.0742053985595703 179 104
3.0828683376312256 181 138
3.089946746826172 182 184
3.097705841064453 183 178
3.105715036392212 184 148
3.119932174682617 185 38
3.1277992725372314 184 0
3.1365625858306885 183 -72
3.1447484493255615 182 -42
3.152261257171631 181 -94
3.1595587730407715 179 -153
3.1674745082855225 178 -181
3.175288438796997 177 -184
3.1837446689605713 176 -144
3.1905386447906494 176 -144
3.1994669437408447 176 -34
3.2068161964416504 177 0
3.21468186378479 177 28
3.2221827507019043 179 39
3.2296018600463867 179 117
3.2380566596984863 181 157
3.245976209640503 183 182
3.25376296043396 184 186
3.260629653930664 185 176
3.268587589263916 185 176
3.276435613632202 185 176
3.2854628562927246 185 176
3.2930076122283936 184 24
3.300029993057251 183 -45
3.3077962398529053 182 -17
3.315678834915161 181 -69
3.323420524597168 179 -156
3.3302505016326904 178 -185
3.339024543762207 177 -185
3.3468005657196045 176 -165
3.354713201522827 176 -134
3.362250566482544 176 -38
3.3694841861724854 177 0
3.376798629760742 177 30
3.385648727416992 178 40
3.393402576446533 179 62
3.4002418518066406 181 131
3.4082305431365967 182 180
3.4161205291748047 183 182
3.4238784313201904 185 160
3.430697441101074 185 160
3.4396119117736816 185 160
3.447402238845825 184 0
3.45501708984375 183 -62
3.462946891784668 182 -20
3.470022201538086 181 -87
3.477776527404785 179 -148
3.4856326580047607 178 -179
3.4943506717681885 177 -183
3.5018608570098877 176 -164
3.5138704776763916 176 -38
3.5236876010894775 177 0
3.530461549758911 177 30
3.539639949798584 178 40
3.547452449798584 179 93
3.5553157329559326 181 131
3.562924385070801 183 178
3.5699517726898193 183 174
3.577747106552124 184 165
3.585777521133423 185 136
3.5944862365722656 184 43
3.6020584106445312 184 -35
3.609396457672119 183 -79
3.6169040203094482 182 -44
3.6249172687530518 181 -100
3.632658004760742 179 -152
3.6405835151672363 177 -181
3.6486334800720215 177 -182
3.656310558319092 176 -146
3.6643338203430176 176 -146
3.671844959259033 176 -34
3.678920030593872 177 0
3.6864750385284424 177 28
3.6953952312469482 179 39
3.7033233642578125 180 87
3.7101707458496094 181 159
3.7179782390594482 183 182
3.7259938716888428 184 191
3.7337660789489746 185 179
3.742304563522339 185 179
3.749589443206787 185 179
3.756967306137085 185 179
3.7653968334198 184 23
3.7728867530822754 183 -21
3.7799644470214844 183 -16
3.7877442836761475 181 -68
3.796536445617676 180 -157
3.8044958114624023 178 -186
3.8120381832122803 177 -189
3.8193345069885254 176 -169
3.826922655105591 176 -146
3.8349077701568604 176 -34
3.843604803085327 177 0
3.8503851890563965 177 28
3.8581361770629883 178 39
3.8659579753875732 179 87
3.8737690448760986 181 157
3.8806076049804688 183 180
3.888852596282959 183 183
3.8975439071655273 184 166
3.905414581298828 185 140
3.918834686279297 184 0
3.926684856414795 183 -78
3.934795618057251 182 -44
3.9428486824035645 181 -112
3.9506728649139404 179 -152
3.9586033821105957 177 -179
3.9662792682647705 177 -183
3.974167585372925 176 -153
3.9813694953918457 175 -47
3.9887807369232178 176 -47
3.9974770545959473 177 44
4.005464553833008 177 83
4.012949705123901 178 48
4.020036458969116 179 104
4.027769327163696 181 137
4.035660982131958 183 184
4.043416261672974 184 181
4.051941871643066 185 157
4.05942440032959 185 157
4.066992282867432 185 157
4.074957609176636 184 0
4.082693099975586 183 -64
4.089758634567261 182 -41
4.098178386688232 181 -89
4.106071710586548 179 -158
4.113841772079468 178 -182
4.120614767074585 177 -183
4.128683567047119 176 -168
4.136306524276733 176 -142
4.1441590785980225 176 -35
4.152826547622681 177 0
4.1598310470581055 177 28
4.167525291442871 178 39
4.175344944000244 179 61
4.183290243148804 181 135
4.190176725387573 182 183
4.199753522872925 184 170
4.2074973583221436 185 150
4.215414524078369 185 150
4.222951889038086 184 37
4.230003833770752 184 -33
4.23782753944397 183 -69
4.245954751968384 182 -65
4.254567623138428 180 -119
4.262120962142944 179 -156
4.2694008350372314 177 -188
4.276804447174072 176 -185
4.284694194793701 175 -165
4.292221546173096 175 -165
4.300245761871338 175 -165
4.3081512451171875 176 -28
4.322983026504517 177 51
4.33003830909729 178 60
4.338151931762695 180 138
4.346397876739502 181 178
4.355411052703857 183 184
4.363415241241455 185 199
4.370294094085693 185 170
4.378071069717407 186 135
4.385972261428833 185 40
4.3937602043151855 185 0
4.402214288711548 184 -30
4.409752368927002 183 -40
4.4175286293029785 182 -95
4.425559759140015 181 -131
4.433297157287598 179 -177
4.4401023387908936 178 -184
4.447909355163574 177 -193
4.456541061401367 175 -171
4.464492559432983 175 -90
4.472041130065918 175 -49
4.479341745376587 176 0
4.486811876296997 177 90
4.494699478149414 177 76
4.503417253494263 179 106
4.510267019271851 179 140
4.517960786819458 181 171
4.525880813598633 183 183
4.5336854457855225 184 192
4.540531158447266 185 159
4.548606634140015 185 159
4.55738091468811 185 159
4.565027475357056 185 30
4.572977542877197 184 0
4.579996109008789 183 -55
4.587810516357422 183 -35
4.595672369003296 181 -123
4.604450941085815 179 -173
4.61201024055481 178 -194
4.6193859577178955 177 -181
4.626779317855835 176 -163
4.634728670120239 175 -144
4.642236709594727 175 -37
4.649495363235474 176 0
4.657976865768433 177 38
4.666018962860107 178 45
4.673758506774902 179 93
4.680515766143799 181 143
4.68834376335144 182 179
4.69618034362793 184 191
4.7043092250823975 185 195
4.717649459838867 187 142
4.727482318878174 187 142
4.735471487045288 186 34
4.743383169174194 186 0
4.750285387039185 185 -62
4.758910894393921 184 -38
4.766513347625732 183 -86
4.774467945098877 181 -155
4.782043695449829 180 -185
4.789474964141846 178 -189
4.796815633773804 177 -192
4.8047614097595215 176 -157
4.813613653182983 176 -90
4.8204076290130615 176 -46
4.828118801116943 176 0
4.836099624633789 177 44
4.84397292137146 178 47
4.850742816925049 179 107
4.85967230796814 181 138
4.867434024810791 182 185
4.8752875328063965 184 187
4.882827043533325 185 191
4.8898766040802 186 160
4.897608757019043 186 160
4.905656337738037 186 160
4.914393663406372 186 29
4.921893358230591 185 -29
4.928988218307495 184 -53
4.936610221862793 183 -61
4.944540977478027 182 -122
4.952097177505493 181 -166
4.96021294593811 179 -185
4.968112230300903 177 -197
4.9759743213653564 176 -201
4.9837424755096436 175 -196
4.990531921386719 174 -157
4.998234272003174 174 -157
5.006123304367065 175 -35
5.0147950649261475 175 0
5.0222930908203125 177 98
5.0296854972839355 177 37
5.037031173706055 179 121
5.04499888420105 180 165
5.052809000015259 182 199
5.060604810714722 184 208
5.068584203720093 185 207
5.076286792755127 186 168
5.084357738494873 186 168
5.0918755531311035 186 168
5.099367141723633 186 168
5.106815814971924 185 0
5.120800018310547 183 -37
5.130260944366455 183 -74
5.1382105350494385 181 -150
5.146334886550903 179 -187
5.154388666152954 178 -190
5.162834882736206 176 -194
5.169855356216431 175 -166
5.177548885345459 175 -166
5.185397624969482 175 -166
5.192939281463623 176 -29
5.2007410526275635 177 30
5.208868980407715 178 19
5.217513561248779 179 80
5.2255425453186035 181 148
5.23326849937439 182 181
5.240134239196777 183 188
5.247870922088623 185 194
5.255765438079834 186 169
5.264673471450806 186 155
5.2722272872924805 186 36
5.279530763626099 185 0
5.286891937255859 185 -37
5.294915199279785 183 -45
5.302828073501587 182 -90
5.309887886047363 181 -144
5.318582534790039 179 -185
5.326430320739746 178 -189
5.334301948547363 177 -193
5.341822862625122 175 -175
5.352761745452881 175 -144
5.359840154647827 175 -144
5.368389129638672 175 0
5.3761210441589355 176 66
5.38398003578186 177 89
5.390787839889526 178 89
5.398680686950684 180 134
5.406354904174805 181 173
5.414297342300415 183 195
5.4228150844573975 184 192
5.429884910583496 185 179
5.437641382217407 185 179
5.445651054382324 185 179
5.453413486480713 185 179
5.460267066955566 184 24
5.469267845153809 183 -45
5.476661682128906 182 -17
5.484794616699219 181 -70
5.49232816696167 179 -164
5.499622344970703 178 -189
5.507495641708374 177 -191
5.520390748977661 175 -139
5.530039310455322 176 -39
5.537877559661865 176 40
5.54593300819397 177 73
5.5538740158081055 178 46
5.5607216358184814 179 114
5.569810390472412 181 142
5.577585220336914 183 184
5.585463762283325 184 183
5.592983961105347 185 160
5.600049018859863 185 160
5.607778787612915 185 160
5.615955114364624 184 0
5.624798059463501 183 -62
5.6323082447052 182 -20
5.639650583267212 181 -86
5.647021293640137 179 -157
5.6549975872039795 178 -175
5.6627538204193115 177 -179
5.670459508895874 176 -152
5.678335189819336 176 -152
5.686249017715454 176 -152
5.693967580795288 177 -28
5.700755596160889 177 0
5.70876145362854 178 52
5.716488838195801 179 33
5.725419521331787 181 121
5.732959747314453 182 166
5.740029335021973 183 196
5.747932195663452 185 188
5.755756378173828 186 156
5.763524293899536 186 156
5.772106409072876 186 34
5.779421329498291 185 0
5.786787271499634 185 -35
5.794781923294067 183 -44
5.802338361740112 182 -87
5.809760570526123 181 -145
5.817525148391724 179 -186
5.826165676116943 178 -190
5.833907604217529 177 -198
5.8406970500946045 175 -175
5.848594903945923 175 -142
5.8562610149383545 175 -142
5.864293813705444 175 -37
5.871821165084839 176 31
5.87993311882019 177 69
5.8876636028289795 178 62
5.895445108413696 179 112
5.902950048446655 181 154
5.9100022315979 182 192
5.925915002822876 185 200
5.933996200561523 186 183
5.9417724609375 187 154
5.949375152587891 187 154
5.956912040710449 186 32
5.964969158172607 186 0
5.972752809524536 185 -58
5.980600118637085 184 -58
5.98884129524231 183 -82
5.996460437774658 181 -156
6.004608869552612 179 -185
6.012146711349487 178 -194
6.019404888153076 177 -196
6.027833938598633 176 -170
6.035690784454346 175 -153
6.043546915054321 175 -35
6.050298690795898 176 0
6.057973384857178 177 37
6.065850734710693 178 44
6.073649644851685 179 89
6.081987380981445 181 143
6.089239120483398 182 176
6.096758604049683 184 185
6.104912281036377 185 194
6.112704753875732 186 167
6.119776487350464 186 167
6.128589868545532 186 167
6.136474847793579 186 27
6.144458293914795 185 0
6.152012348175049 185 -49
6.159322738647461 183 -37
6.166875600814819 182 -74
6.174909353256226 181 -166
6.18377685546875 179 -188
6.190618276596069 177 -196
6.199577331542969 176 -187
6.20695161819458 175 -181
6.214954137802124 175 -154
6.222813844680786 175 -154
6.230756759643555 175 -31
6.238780975341797 176 27
6.246358394622803 177 58
6.2541584968566895 178 57
6.261336088180542 179 120
6.268913507461548 181 157
6.276519536972046 182 196
6.285689115524292 184 204
6.293480396270752 185 195
6.300303936004639 186 185
6.308101654052734 187 157
6.316006422042847 187 157
6.332011699676514 186 0
6.339436769485474 185 -58
6.347456932067871 184 -58
6.355472803115845 183 -82
6.363293409347534 181 -158
6.370119333267212 180 -186
6.377845764160156 178 -192
6.386425018310547 177 -197
6.394498109817505 176 -169
6.402006387710571 175 -155
6.409403562545776 175 -35
6.4167609214782715 176 0
6.424665689468384 177 36
6.433364391326904 178 44
6.440162420272827 179 69
6.447871208190918 180 143
6.455747127532959 182 177
6.463823556900024 183 189
6.470642805099487 185 191
6.4785895347595215 186 173
6.487374782562256 186 158
6.495272874832153 186 158
6.502800226211548 185 0
6.509873151779175 185 -34
6.517553329467773 184 -43
6.525625228881836 183 -86
6.534358978271484 181 -146
6.541924715042114 180 -179
6.54896092414856 178 -198
6.556507349014282 177 -191
6.5644612312316895 176 -165
6.571979999542236 175 -148
6.578997850418091 175 -148
6.58780574798584 176 0
6.595561742782593 177 38
6.606651306152344 179 70
6.614654541015625 180 118
6.622157573699951 181 164
6.629476070404053 183 187
6.645761966705322 185 174
6.660013198852539 185 174
6.674156427383423 184 -25
6.692706108093262 181 -77
6.706943988800049 178 -178
6.726860761642456 174 -196
6.745761156082153 173 -163
6.7586212158203125 174 0
6.768836498260498 175 31
6.776440620422363 176 41
6.784502983093262 177 83
6.7920002937316895 179 150
6.799272775650024 180 181
6.814877033233643 185 224
6.830386638641357 188 254
6.838876247406006 189 245
6.846500396728516 191 196
6.855415105819702 191 196
6.8640053272247314 191 98
6.871373176574707 191 37
6.878836631774902 191 37
6.886563301086426 189 -66
6.894524335861206 189 -80
6.9021313190460205 187 -90
6.909435033798218 186 -152
6.9180896282196045 185 -182
6.926001071929932 183 -194
6.933777093887329 181 -210
6.940574645996094 179 -233
6.948654890060425 177 -249
6.956325054168701 175 -240
6.964978456497192 174 -221
6.972767353057861 173 -166
6.9798243045806885 173 -166
6.987531900405884 173 -166
6.995361804962158 174 0
7.0029730796813965 175 32
7.010003089904785 176 41
7.018631219863892 177 83
7.026269912719727 179 148
7.033985376358032 180 188
7.041337251663208 182 193
7.048994302749634 184 217
7.056617021560669 185 218
7.064706802368164 186 197
7.073430776596069 187 166
7.080286264419556 187 166
7.08801007270813 187 166
7.095938205718994 186 0
7.103745937347412 185 -56
7.110527753829956 184 -37
7.119556188583374 183 -151
7.135307312011719 179 -188
7.142966032028198 178 -195
7.150001525878906 177 -197
7.157891750335693 176 -168
7.165749549865723 175 -150
7.174597263336182 176 -36
7.182091474533081 176 0
7.189495086669922 177 37
7.197838068008423 178 45
7.2056944370269775 179 91
7.21339225769043 181 142
7.221940517425537 182 186
7.229292631149292 184 190
7.236731290817261 185 198
7.244940280914307 186 186
7.252678871154785 187 161
7.2597455978393555 187 161
7.267531633377075 186 31
7.2762978076934814 186 -27
7.284127950668335 185 -57
7.291783094406128 184 -57
7.2988810539245605 183 -81
7.306761741638184 181 -159
7.314700126647949 179 -187
7.323457956314087 178 -195
7.330268383026123 177 -197
7.337984800338745 176 -169
7.345911741256714 175 -155
7.3536741733551025 175 -35
7.360470771789551 176 0
7.368443250656128 177 36
7.376925945281982 178 44
7.384916305541992 179 88
7.392634391784668 181 145
7.399695158004761 182 186
7.407496452331543 184 190
7.415404796600342 185 194
7.424166917800903 186 167
7.43185019493103 186 167
7.439374923706055 186 167
7.4468066692352295 186 167
7.45474100112915 185 0
7.46235203742981 185 -27
7.469642162322998 184 -37
7.478090763092041 183 -73
7.4861533641815186 181 -149
7.493906736373901 179 -187
7.5007078647613525 177 -194
7.508570194244385 176 -194
7.516243934631348 175 -171
7.531874895095825 175 -98
7.539348125457764 175 -98
7.546967029571533 176 35
7.555271863937378 177 75
7.562954664230347 179 107
7.5699989795684814 179 131
7.578863143920898 181 171
7.586493253707886 183 193
7.594468832015991 184 190
7.602063417434692 185 190
7.609643936157227 185 158
7.617438554763794 185 158
7.626033306121826 185 30
7.63383936882019 184 0
7.640570878982544 183 -98
7.6484055519104 182 -35
7.656152963638306 181 -121
7.664222478866577 180 -164
7.671821594238281 178 -191
7.67976975440979 177 -191
7.6934144496917725 176 -143
7.700260162353516 176 -143
7.707941293716431 176 0
7.715707302093506 177 0
7.723608493804932 178 92
7.732099294662476 179 61
7.739344120025635 181 134
7.746732950210571 182 170
7.754749298095703 184 198
7.7622902393341064 185 194
7.769571781158447 185 176
7.77807879447937 186 151
7.786170959472656 186 33
7.793936729431152 185 0
7.80072021484375 184 -28
7.808655023574829 183 -96
7.816345930099487 182 -61
7.824464559555054 181 -136
7.832993984222412 179 -181
7.840082406997681 177 -191
7.847954034805298 176 -193
7.855736017227173 175 -161
7.863460540771484 175 -161
7.870264053344727 175 -161
7.879013538360596 175 -161
7.88671088218689 176 0
7.89459490776062 177 53
7.902128219604492 177 18
7.909517049789429 179 77
7.916834115982056 180 148
7.930553913116455 183 188
7.939971923828125 185 216
7.9517669677734375 187 193
7.95948600769043 188 154
7.967466354370117 188 154
7.9753053188323975 188 154
7.983877182006836 187 0
7.990767240524292 187 -61
7.998760461807251 185 -43
8.006367921829224 185 -86
8.014302253723145 183 -142
8.021883726119995 181 -178
8.029346227645874 180 -190
8.037842512130737 178 -213
8.045644283294678 177 -209
8.053389549255371 175 -181
8.060183048248291 175 -153
8.067894220352173 175 -153
8.075732707977295 175 -33
8.0846688747406 176 0
8.09216570854187 177 61
8.099401235580444 177 39
8.106807708740234 179 85
8.114727020263672 180 144
8.12226390838623 181 183
8.12955927848816 183 187
8.138040781021118 185 197
8.146137952804565 185 170
8.153948068618774 186 95
8.161327600479126 185 41
8.168801069259644 185 0
8.176351547241211 185 -31
8.185025691986084 183 -81
8.192811489105225 182 -63
8.200614929199219 181 -152
8.208644390106201 179 -176
8.216471433639526 178 -199
8.22443675994873 176 -192
8.232009410858154 175 -181
8.239999532699585 175 -159
8.24770998954773 175 -159
8.255532503128052 175 -159
8.263418197631836 176 0
8.270193815231323 176 55
8.27786922454834 177 18
8.286401987075806 179 79
8.294338464736938 180 159
8.301876783370972 182 189
8.308952331542969 183 188
8.31656265258789 185 195
8.330695390701294 186 142
8.339782238006592 186 41
8.34781813621521 185 0
8.355764627456665 185 -40
8.363544940948486 183 -46
8.370394945144653 183 -73
8.378176927566528 181 -141
8.386935949325562 179 -174
8.394990921020508 178 -199
8.402727127075195 177 -190
8.409759283065796 176 -168
8.417497158050537 175 -150
8.425352096557617 176 -36
8.432868003845215 176 0
8.440729856491089 177 66
8.448838233947754 178 45
8.456400394439697 179 91
8.464232444763184 181 142
8.47187352180481 182 184
8.479377508163452 183 176
8.486804723739624 184 147
8.49582052230835 184 147
8.50377869606018 184 147
8.510623216629028 183 0
8.51854419708252 183 -31
8.526311159133911 182 -91
8.534149885177612 181 -62
8.54281997680664 179 -127
8.549854278564453 178 -170
8.557567596435547 177 -172
8.565553188323975 176 -147
8.573261260986328 176 -147
8.580055952072144 176 -147
8.58780312538147 177 -30
8.596366882324219 177 0
8.604374408721924 178 95
8.611872434616089 179 52
8.619023561477661 181 119
8.626850843429565 183 174
8.634791851043701 183 176
8.643544912338257 184 161
8.650444030761719 185 132
8.658158540725708 184 44
8.666022539138794 184 -36
8.673794746398926 183 -83
8.680630445480347 182 -67
8.688808679580688 181 -109
8.69753623008728 179 -150
8.705385208129883 178 -174
8.712934017181396 177 -180
8.71992802619934 176 -162
8.734660863876343 176 -36
8.743598937988281 177 0
8.750367164611816 177 65
8.758238554000854 178 39
8.766250610351562 179 91
8.773962497711182 181 157
8.78079342842102 183 181
8.788780689239502 184 177
8.797558307647705 184 146
8.805598497390747 185 146
8.813320398330688 184 39
8.820161819458008 184 0
8.827905893325806 183 -71
8.835784435272217 182 -43
8.844477891921997 181 -117
8.852033615112305 179 -154
8.859359979629517 178 -177
8.866908311843872 177 -186
8.874873161315918 176 -161
8.882622957229614 175 -145
8.889683961868286 176 -37
8.898202896118164 176 39
8.906081676483154 177 68
8.913843870162964 178 71
8.920593738555908 179 117
8.928618669509888 181 140
8.93634819984436 182 184
8.944228172302246 184 177
8.952826261520386 184 171
8.959901571273804 185 145
8.967626333236694 184 39
8.975472927093506 184 0
8.983372926712036 183 -73
8.99021577835083 182 -93
8.999268531799316 181 -95
9.00672435760498 179 -155
9.01469612121582 177 -181
9.022229671478271 177 -181
9.029479026794434 176 -164
9.036844491958618 176 -135
9.044955968856812 176 -37
9.053755760192871 177 0
9.060489416122437 177 67
9.068237066268921 178 39
9.07610011100769 179 92
9.083818435668945 181 156
9.090659379959106 183 179
9.099674701690674 184 177
9.107562780380249 184 141
9.115413665771484 185 141
9.123424053192139 184 42
9.13787317276001 183 -76
9.145935535430908 182 -66
9.154876232147217 180 -114
9.162885189056396 179 -152
9.169978618621826 177 -187
9.177681684494019 176 -184
9.18554425239563 175 -164
9.193025588989258 175 -91
9.202625513076782 175 -49
9.209675312042236 176 35
9.21736192703247 177 88
9.22537875175476 177 76
9.23285460472107 179 105
9.23987364768982 180 139
9.247620344161987 181 178
9.25646162033081 183 183
9.264444589614868 185 193
9.271998405456543 185 163
9.279377460479736 186 99
9.286900997161865 186 44
9.294945478439331 185 0
9.303764581680298 185 -77
9.310614824295044 183 -74
9.318565368652344 182 -101
9.32631516456604 181 -139
9.334182024002075 179 -181
9.341376304626465 178 -186
9.348978042602539 177 -183
9.358629941940308 176 -164
9.366334199905396 175 -146
9.3740234375 176 -37
9.380779504776001 176 38
9.388898611068726 177 38
9.39647626876831 178 45
9.40551495552063 179 93
9.413005828857422 181 143
9.420138120651245 182 185
9.427932262420654 183 182
9.435800313949585 184 156
9.443597793579102 185 156
9.450456857681274 185 35
9.459429740905762 184 0
9.466935396194458 183 -65
9.474945306777954 182 -20
9.482767105102539 181 -89
9.48984146118164 179 -158
9.497538328170776 178 -182
9.506072759628296 177 -184
9.513976573944092 176 -163
9.520787954330444 176 -136
9.534727811813354 177 0
9.544339656829834 177 29
9.551860809326172 178 39
9.560241937637329 179 92
9.568179845809937 181 155
9.576233386993408 183 179
9.584236860275269 184 182
9.591884136199951 185 170
9.599027633666992 185 170
9.607738256454468 185 170
9.615719318389893 184 29
9.623447179794312 183 -54
9.630311250686646 183 -19
9.638061285018921 181 -79
9.64611291885376 180 -154
9.653855323791504 178 -179
9.662251710891724 177 -175
9.669498920440674 177 -143
9.676827430725098 176 -143
9.684725046157837 176 -143
9.69228982925415 177 -33
9.69951844215393 177 0
9.70811414718628 178 89
9.715977907180786 179 54
9.723765134811401 181 146
9.730606079101562 183 175
9.738579034805298 183 174
9.746284246444702 184 162
9.754157066345215 185 94
9.762931823730469 184 48
9.769930124282837 184 -36
9.77786660194397 183 -89
9.785759449005127 182 -68
9.793558597564697 181 -104
9.8004150390625 179 -150
9.809400796890259 177 -182
9.8167724609375 177 -182
9.824864625930786 176 -152
9.8323655128479 175 -96
9.839642524719238 176 0
9.846950054168701 177 43
9.854933977127075 177 80
9.86375093460083 179 75
9.870545148849487 180 123
9.878347635269165 181 161
9.886260747909546 183 184
9.894022941589355 184 182
9.901776313781738 185 169
9.910017013549805 185 169
9.917816162109375 185 169
9.925654172897339 184 30
9.939390182495117 183 -19
9.94738245010376 181 -81
9.95542573928833 180 -145
9.964216947555542 178 -177
9.971782445907593 177 -170
9.97885775566101 177 -170
9.98645281791687 177 -170
9.994333267211914 177 -170
10.001867532730103 177 -24
