0.005462646484375 0 0
0.0321202278137207 1 16
0.05805015563964844 8 267
0.083465576171875 19 469
0.11044454574584961 34 610
0.13583874702453613 52 678
0.16124606132507324 70 721
0.1872420310974121 90 750
0.21339869499206543 109 721
0.24029302597045898 126 628
0.265838623046875 139 509
0.2911710739135742 150 385
0.3171966075897217 157 269
0.34335923194885254 162 198
0.37027549743652344 166 145
0.3954737186431885 168 98
0.4210689067840576 170 90
0.44686269760131836 172 70
0.4726130962371826 174 66
0.4983508586883545 175 50
0.5240368843078613 176 43
0.551069974899292 176 32
0.5768425464630127 177 27
0.602755069732666 178 24
0.6283371448516846 178 24
0.6540741920471191 178 14
0.6805355548858643 178 14
0.7059769630432129 178 11
0.731203556060791 178 11
0.7573215961456299 178 6
0.7833240032196045 178 6
0.8103594779968262 178 2
0.8357517719268799 178 2
0.8612074851989746 178 2
0.8871994018554688 178 0
0.9173901081085205 178 0
0.9403138160705566 178 0
0.9658203125 178 0
0.9911770820617676 178 0
1.0172548294067383 178 0
1.0432953834533691 178 0
1.0703372955322266 178 0
1.0957610607147217 178 0
1.1211707592010498 178 0
1.1471593379974365 178 0
1.1734414100646973 178 0
1.2002923488616943 178 0
1.2257962226867676 178 0
1.2522130012512207 178 0
1.277268409729004 178 0
1.303288459777832 178 0
1.330289363861084 178 0
1.3557257652282715 178 0
1.3811116218566895 178 0
1.4071342945098877 178 0
1.4329843521118164 178 0
1.4605059623718262 178 0
1.4844727516174316 178 0
1.5120420455932617 178 0
1.536639928817749 178 0
1.5630712509155273 178 0
1.588115930557251 178 0
1.6144537925720215 178 0
1.6407582759857178 178 0
1.6664974689483643 178 0
1.6922214031219482 178 0
1.7212316989898682 178 0
1.7472410202026367 178 0
1.7734389305114746 178 0
1.8003504276275635 178 0
1.8259587287902832 178 0
1.8511874675750732 178 0
1.877281665802002 178 0
1.9033057689666748 178 0
1.9303042888641357 178 0
1.9557654857635498 178 0
1.9811663627624512 178 0
2.0071780681610107 178 0
2.0334203243255615 178 0
2.0602846145629883 178 0
2.0858232975006104 178 0
2.1111578941345215 178 0
2.1371748447418213 178 0
2.1633479595184326 178 0
2.190253496170044 178 0
2.2154757976531982 178 0
2.2411086559295654 178 0
2.267197370529175 178 0
2.293396234512329 178 0
2.320298910140991 178 0
2.345465898513794 178 0
2.3710854053497314 178 0
2.3970816135406494 178 0
2.4238998889923096 178 0
2.4488365650177 178 0
2.475151777267456 178 0
2.5008938312530518 178 0
2.5271759033203125 178 0
2.553179979324341 178 0
2.580209493637085 178 0
2.6054413318634033 178 0
2.631204128265381 178 0
2.6572391986846924 178 0
2.6834468841552734 178 0
2.710296869277954 178 0
2.735839605331421 178 0
2.7611594200134277 178 0
2.7872519493103027 178 0
2.8132975101470947 178 0
2.8403165340423584 178 0
2.865734815597534 178 0
2.89117693901062 178 0
2.9171738624572754 178 0
2.943319082260132 178 0
2.970226287841797 178 0
2.995798110961914 178 0
3.0211217403411865 178 0
3.047213554382324 178 0
3.073493242263794 178 0
3.100369930267334 178 0
3.125765800476074 178 0
3.1512115001678467 178 0
3.177215099334717 178 0
3.20331072807312 178 0
3.230213165283203 178 0
3.255737543106079 178 0
3.281106472015381 178 0
3.307081699371338 178 0
3.333268880844116 178 0
3.360194444656372 178 0
3.385378837585449 178 0
3.410985231399536 178 0
3.4368391036987305 178 0
3.4625084400177 178 0
3.4898130893707275 178 0
3.5140233039855957 178 0
3.5411391258239746 178 0
3.5658304691314697 178 0
3.5923268795013428 178 0
3.6171650886535645 178 0
3.6434381008148193 178 0
3.6703314781188965 178 0
3.695934772491455 178 0
3.7251126766204834 178 0
3.7478830814361572 178 0
3.7733523845672607 178 0
3.8003604412078857 178 0
3.825758934020996 178 0
3.851224422454834 178 0
3.8772029876708984 178 0
3.9034407138824463 178 0
3.930299997329712 178 0
3.9558396339416504 178 0
3.9811699390411377 178 0
4.007293939590454 178 0
4.033488750457764 178 0
4.060377359390259 178 0
4.0857603549957275 178 0
4.111166954040527 178 0
4.137257814407349 178 0
4.163381338119507 178 0
4.190288066864014 178 0
4.215814590454102 178 0
4.241151571273804 178 0
4.26724100112915 178 0
4.293379783630371 178 0
4.32036280632019 178 0
4.345799207687378 178 0
4.371143579483032 178 0
4.397163152694702 178 0
4.423271656036377 178 0
4.45019006729126 178 0
4.475377798080444 178 0
4.501279354095459 178 0
4.528142929077148 178 0
4.554925203323364 178 0
4.580374717712402 178 0
4.606568098068237 178 0
4.631133794784546 178 0
4.658138036727905 178 0
4.683947563171387 178 0
4.710525274276733 178 0
4.735840320587158 178 0
4.761256694793701 178 0
4.787248611450195 178 0
4.813835859298706 178 0
4.8403356075286865 178 0
4.865964412689209 178 0
4.891190052032471 178 0
4.917284965515137 178 0
4.943469762802124 178 0
4.970368385314941 178 0
4.995802640914917 178 0
5.021216154098511 178 0
5.0472025871276855 178 0
5.07329249382019 178 0
5.100202322006226 178 0
5.12572455406189 178 0
5.151098012924194 178 0
5.17720627784729 178 0
5.203342914581299 178 0
5.230352163314819 178 0
5.255931377410889 178 0
5.281274080276489 178 0
5.307267904281616 178 0
5.333477020263672 178 0
5.360325813293457 178 0
5.385767698287964 178 0
5.411279916763306 178 0
5.43727707862854 178 0
5.4634315967559814 178 0
5.490426778793335 178 0
5.516029596328735 178 0
5.541247367858887 178 0
5.586137294769287 178 0
5.613864421844482 178 0
5.64030385017395 178 0
5.66593074798584 178 0
5.691168785095215 178 0
5.717264175415039 178 0
5.74348258972168 178 0
5.7703633308410645 178 0
5.795764446258545 178 0
5.821217060089111 178 0
5.8472442626953125 178 0
5.873389482498169 178 0
5.900261402130127 178 0
5.925809144973755 178 0
5.9511260986328125 178 0
5.977233171463013 178 0
6.0033769607543945 178 0
6.030399799346924 178 0
6.055810928344727 178 0
6.081146001815796 178 0
6.10714316368103 178 0
6.133490562438965 178 0
6.160306215286255 178 0
6.185755729675293 178 0
6.211127042770386 178 0
6.237137794494629 178 0
6.2633750438690186 178 0
6.2902610301971436 178 0
6.3165178298950195 178 0
6.341084957122803 178 0
6.368062734603882 178 0
6.392948865890503 178 0
6.420170068740845 178 0
6.445438385009766 178 0
6.471130847930908 178 0
6.4971466064453125 178 0
6.523443698883057 178 0
6.550414800643921 178 0
6.576005220413208 178 0
6.601220607757568 178 0
6.627302408218384 178 0
6.653330326080322 178 0
6.680336236953735 178 0
6.705751657485962 178 0
6.731181859970093 178 0
6.757196664810181 178 0
6.783482313156128 178 0
6.810298919677734 178 0
6.835934162139893 178 0
6.86118745803833 178 0
6.887294054031372 178 0
6.913483381271362 178 0
6.940349340438843 178 0
6.965764760971069 178 0
6.991214990615845 178 0
7.017217397689819 178 0
7.043426513671875 178 0
7.07032322883606 178 0
7.095808267593384 178 0
7.121127128601074 178 0
7.147150039672852 178 0
7.173313617706299 178 0
7.2002153396606445 178 0
7.225483179092407 178 0
7.252228498458862 178 0
7.277132272720337 178 0
7.30304741859436 178 0
7.3298492431640625 178 0
7.35467267036438 178 0
7.381943941116333 178 0
7.4068872928619385 178 0
7.433373689651489 178 0
7.4581458568573 178 0
7.484948396682739 178 0
7.510380744934082 178 0
7.536247730255127 178 0
7.561336040496826 178 0
7.587390661239624 178 0
7.613370180130005 178 0
7.640372276306152 178 0
7.665802001953125 178 0
7.691206693649292 178 0
7.717188358306885 178 0
7.743821859359741 178 0
7.770342826843262 178 0
7.795856952667236 178 0
7.821186542510986 178 0
7.847291707992554 178 0
7.87341570854187 178 0
7.900412559509277 178 0
7.925837516784668 178 0
7.951233386993408 178 0
7.9772350788116455 178 0
8.003450393676758 178 0
8.030303001403809 178 0
8.055854320526123 178 0
8.081203699111938 178 0
8.10729455947876 178 0
8.133298397064209 178 0
8.160284519195557 178 0
8.185718536376953 178 0
8.211177825927734 178 0
8.23719072341919 178 0
8.263362646102905 178 0
8.290266990661621 178 0
8.315441846847534 178 0
8.341105699539185 178 0
8.367122173309326 178 0
8.393146276473999 178 0
8.420069217681885 178 0
8.445221662521362 178 0
8.470932960510254 178 0
8.496804237365723 178 0
8.52265214920044 178 0
8.550710916519165 178 0
8.57484769821167 178 0
8.60204792022705 178 0
8.626994848251343 178 0
8.653157949447632 178 0
8.679391622543335 178 0
8.704256296157837 178 0
8.73067569732666 178 0
8.756093978881836 178 0
8.781253337860107 178 0
8.80737018585205 178 0
8.833481073379517 178 0
8.860376834869385 178 0
8.885738372802734 178 0
8.911204099655151 178 0
8.941288232803345 178 0
8.96738576889038 178 0
8.9933762550354 178 0
9.020380020141602 178 0
9.045789957046509 178 0
9.071216106414795 178 0
9.097203493118286 178 0
9.123465299606323 178 0
9.15033483505249 179 3
9.175854921340942 179 3
9.201196670532227 179 3
9.22731065750122 179 3
9.253818988800049 179 3
9.280334949493408 179 7
9.30577278137207 180 6
9.331109762191772 180 6
9.357365608215332 180 6
9.383355379104614 180 6
9.410261631011963 180 6
9.435689449310303 180 6
9.461121082305908 180 2
9.487118005752563 180 2
9.514397621154785 180 0
9.540194511413574 180 0
9.566457986831665 180 0
9.592051267623901 180 0
9.617961406707764 180 0
9.643421649932861 180 0
9.670401334762573 180 0
9.695777893066406 180 0
9.721201658248901 180 0
9.747267961502075 180 0
9.773391246795654 180 0
9.800252437591553 180 0
9.825831651687622 180 0
9.85111927986145 180 0
9.877220869064331 180 0
9.903323650360107 180 0
9.930337905883789 180 0
9.955749273300171 180 0
9.981186866760254 180 0
