0.005718231201171875 0 0
0.03138160705566406 1 6
0.05782604217529297 7 276
0.08472228050231934 19 474
0.11039853096008301 34 598
0.1365339756011963 52 686
0.1621379852294922 71 727
0.18792223930358887 90 760
0.21344494819641113 109 716
0.24281525611877441 126 599
0.26825714111328125 140 478
0.2940070629119873 149 357
0.32045984268188477 156 253
0.34607934951782227 161 174
0.3713078498840332 164 140
0.3978738784790039 167 112
0.42343902587890625 169 82
0.4504556655883789 171 67
0.4759988784790039 172 53
0.5013408660888672 173 47
0.5274527072906494 174 39
0.5538322925567627 175 35
0.5804595947265625 176 31
0.6060771942138672 176 31
0.6323792934417725 176 16
0.6574456691741943 176 16
0.6834306716918945 176 7
0.7104506492614746 176 7
0.735947847366333 176 3
0.7612426280975342 176 3
0.7872610092163086 176 0
0.8134431838989258 176 0
0.840360164642334 176 0
0.8658318519592285 176 0
0.891169548034668 176 0
0.9174323081970215 176 0
0.9434158802032471 176 0
0.9703505039215088 176 0
0.9957802295684814 176 0
1.0211973190307617 176 0
1.048720121383667 176 0
1.073859453201294 176 0
1.1008024215698242 176 0
1.1260905265808105 176 0
1.1517810821533203 176 0
1.177760362625122 176 3
1.2034790515899658 176 3
1.230381727218628 177 6
1.2560627460479736 177 12
1.2812931537628174 178 18
1.3078525066375732 178 18
1.3334343433380127 177 6
1.3604481220245361 178 7
1.3859634399414062 178 7
1.4113287925720215 178 3
1.4374749660491943 178 3
1.4639456272125244 178 0
1.4904193878173828 178 0
1.5160577297210693 178 2
1.5412969589233398 178 2
1.5673747062683105 178 0
1.5934865474700928 178 0
1.6204769611358643 178 0
1.6460683345794678 178 0
1.6713862419128418 178 0
1.69736909866333 178 0
1.723473310470581 178 0
1.7504045963287354 178 0
1.7760167121887207 178 0
1.8012957572937012 178 0
1.8278419971466064 178 0
1.8601224422454834 178 0
1.890343427658081 178 0
1.9163587093353271 178 0
1.9478225708007812 178 0
1.9677624702453613 178 0
1.9934463500976562 178 0
2.0203857421875 178 0
2.0466089248657227 178 0
2.0712080001831055 178 0
2.098137617111206 178 0
2.1230876445770264 178 0
2.1500885486602783 178 0
2.1749391555786133 178 0
2.201218605041504 178 0
2.2272369861602783 178 0
2.2533414363861084 178 0
2.2797768115997314 178 0
2.305041790008545 178 0
2.331012010574341 178 0
2.35695219039917 178 0
2.3826754093170166 178 0
2.4093093872070312 178 0
2.4342169761657715 178 0
2.460693120956421 178 0
2.4860706329345703 178 0
2.511366128921509 178 0
2.537468433380127 178 0
2.5634498596191406 178 0
2.5903542041778564 178 0
2.6160178184509277 178 0
2.641327381134033 178 0
2.667440891265869 178 0
2.6938421726226807 178 0
2.7204949855804443 178 0
2.7459678649902344 178 0
2.771310329437256 178 0
2.7978932857513428 178 0
2.8240208625793457 178 0
2.8521034717559814 178 0
2.877396821975708 178 0
2.9034359455108643 178 0
2.931032419204712 178 0
2.962240695953369 178 0
2.987452745437622 178 0
3.013965129852295 178 0
3.0404374599456787 178 0
3.0660603046417236 178 0
3.091306686401367 178 0
3.117847204208374 178 0
3.143430471420288 178 0
3.1704390048980713 178 0
3.1959688663482666 178 0
3.221308946609497 178 0
3.247328042984009 178 0
3.2733991146087646 178 0
3.300340414047241 178 0
3.3259599208831787 178 0
3.3511953353881836 178 0
3.377474069595337 178 0
3.403451919555664 178 0
3.4304568767547607 178 0
3.456066846847534 178 0
3.4813876152038574 178 0
3.5074703693389893 178 0
3.5338947772979736 178 0
3.5604312419891357 178 0
3.5860750675201416 178 0
3.6112778186798096 178 0
3.637359857559204 178 0
3.6633572578430176 178 0
3.6902694702148438 178 0
3.715725898742676 178 0
3.7411983013153076 178 0
3.7672197818756104 178 0
3.793077230453491 178 0
3.819429636001587 178 0
3.8443636894226074 178 0
3.870760202407837 178 0
3.896122455596924 178 0
3.921372413635254 178 0
3.9477667808532715 178 0
3.9734039306640625 178 0
4.0003321170806885 178 0
4.026586532592773 178 0
4.051215887069702 178 0
4.078231573104858 178 0
4.1038899421691895 178 0
4.130524158477783 178 0
4.156008005142212 178 0
4.181358337402344 178 0
4.207490682601929 178 0
4.233470916748047 178 0
4.260484218597412 178 0
4.286100149154663 178 0
4.311319351196289 178 0
4.337811231613159 178 0
4.363417625427246 178 0
4.390440225601196 178 0
4.415980577468872 178 0
4.441293716430664 178 0
4.467447996139526 178 0
4.493885040283203 178 0
4.520420074462891 178 0
4.546047210693359 178 0
4.571308851242065 178 0
4.597834587097168 178 0
4.623417377471924 178 0
4.654030799865723 178 0
4.675971031188965 178 0
4.701303005218506 178 0
4.7274394035339355 178 0
4.753478288650513 178 0
4.780354738235474 178 0
4.805851221084595 178 0
4.831214666366577 178 0
4.857469320297241 178 0
4.883428335189819 178 0
4.910340309143066 178 0
4.935792684555054 178 0
4.9611921310424805 178 0
4.987201929092407 178 0
5.012977838516235 178 0
5.0393452644348145 178 0
5.064214468002319 178 0
5.090650796890259 178 0
5.116085529327393 178 0
5.142394781112671 178 0
5.168072462081909 178 0
5.194705247879028 178 0
5.220389366149902 178 0
5.246285676956177 178 0
5.271401643753052 178 0
5.297489404678345 178 0
5.323437690734863 178 0
5.3504579067230225 178 0
5.375971794128418 178 0
5.401335716247559 178 0
5.42746639251709 178 0
5.456864833831787 178 0
5.482894420623779 178 0
5.508781671524048 178 0
5.534114360809326 178 0
5.5606369972229 178 0
5.586071968078613 178 0
5.6113831996917725 178 0
5.637819766998291 178 0
5.663450002670288 178 0
5.690349102020264 178 0
5.715980529785156 178 0
5.741232395172119 178 0
5.767366886138916 178 0
5.793433666229248 178 0
5.8204429149627686 178 0
5.845959663391113 178 0
5.87122106552124 178 0
5.897382497787476 178 0
5.923490285873413 178 0
5.950364351272583 178 0
5.97593355178833 178 0
6.001211166381836 178 0
6.028009653091431 178 0
6.0538649559021 178 0
6.080656290054321 178 0
6.106059312820435 178 0
6.1318135261535645 178 0
6.1593756675720215 178 0
6.183483600616455 178 0
6.211102247238159 178 0
6.235853910446167 178 0
6.262439966201782 178 0
6.289450645446777 178 0
6.314613103866577 178 0
6.340824842453003 178 0
6.366545677185059 178 0
6.392155170440674 178 0
6.417896032333374 178 0
6.443439483642578 178 0
6.4704673290252686 178 0
6.49596643447876 178 0
6.521305322647095 178 0
6.547303915023804 178 0
6.573422908782959 178 0
6.600338697433472 178 0
6.626013278961182 178 0
6.651225566864014 178 0
6.677301645278931 178 0
6.703432321548462 178 0
6.730435848236084 178 0
6.755927085876465 178 0
6.781292200088501 178 0
6.807297468185425 178 0
6.833840370178223 178 0
6.86212158203125 178 0
6.8879475593566895 178 0
6.913456916809082 178 0
6.940366983413696 178 0
6.96610164642334 178 0
6.991288661956787 178 0
7.017372131347656 178 0
7.043407678604126 178 0
7.070454359054565 178 0
7.095962047576904 178 0
7.121284008026123 178 0
7.147440195083618 178 0
7.173435926437378 178 0
7.200323581695557 178 0
7.225966453552246 178 0
7.251203536987305 178 0
7.27730131149292 178 0
7.303302526473999 178 0
7.330272197723389 178 0
7.3554534912109375 178 0
7.381051301956177 178 0
7.4069130420684814 178 0
7.43272066116333 178 0
7.463245391845703 178 0
7.487916707992554 178 0
7.514698028564453 178 0
7.540370225906372 178 0
7.566551208496094 178 0
7.5922582149505615 178 0
7.618102788925171 178 0
7.643770217895508 178 0
7.670495510101318 178 0
7.696017026901245 178 0
7.721349716186523 178 0
7.7474658489227295 178 0
7.773455858230591 178 0
7.800467252731323 178 0
7.826068878173828 178 0
7.851299047470093 178 0
7.877400159835815 178 0
7.903426647186279 178 0
7.930444717407227 178 0
7.955955266952515 178 0
7.981305837631226 178 0
8.007460832595825 178 0
8.033438682556152 178 0
8.060352802276611 178 0
8.085981369018555 178 0
8.111252307891846 178 0
8.137831926345825 178 0
8.163868427276611 178 0
8.1905038356781 178 0
8.215946435928345 178 0
8.241233587265015 178 0
8.267480850219727 178 0
8.293485164642334 178 0
8.320375680923462 178 0
8.345931768417358 178 0
8.371217966079712 178 0
8.397975206375122 178 0
8.423419713973999 178 0
8.450342178344727 178 0
8.475802421569824 178 0
8.50120735168457 178 0
8.528751850128174 178 0
8.553433656692505 178 0
8.581002473831177 178 0
8.60579800605774 178 0
8.632941961288452 178 0
8.658332824707031 178 0
8.68426513671875 178 0
8.710666179656982 178 0
8.73613452911377 178 0
8.761351823806763 178 0
8.787832021713257 178 0
8.813412427902222 178 0
8.840455770492554 178 0
8.865971803665161 178 0
8.891311407089233 178 0
8.917443037033081 178 0
8.943895101547241 178 0
8.970426082611084 178 0
8.99605655670166 178 0
9.021291732788086 178 0
9.047789573669434 178 0
9.073877811431885 178 0
9.100475072860718 178 0
9.125980138778687 178 0
9.151319026947021 178 0
9.177448034286499 178 0
9.20346713066101 178 0
9.230376958847046 178 0
9.255994081497192 178 0
9.281253099441528 178 0
9.307829141616821 178 0
9.33342695236206 178 0
9.360370397567749 178 0
9.38581132888794 178 0
9.411200761795044 178 0
9.43741488456726 178 0
9.46703553199768 178 0
9.490339756011963 178 0
9.51576280593872 178 0
9.5411696434021 178 0
9.567442655563354 178 0
9.593403100967407 178 0
9.620339155197144 178 0
9.646710395812988 178 0
9.671198844909668 178 0
9.6981041431427 178 0
9.723937511444092 178 0
9.750599384307861 178 0
9.776023864746094 178 0
9.801353454589844 178 0
9.827471494674683 178 0
9.853457927703857 178 0
9.880474090576172 178 0
9.90607738494873 178 0
9.931311130523682 178 0
9.957766771316528 178 0
9.983465671539307 178 0
