0.005533456802368164 0 0
0.03175663948059082 0 2
0.05753636360168457 6 263
0.0832068920135498 18 461
0.10878252983093262 33 592
0.1342146396636963 50 669
0.16103029251098633 69 724
0.19122052192687988 92 770
0.21176505088806152 109 791
0.2377326488494873 128 811
0.2636096477508545 150 817
0.29152441024780273 173 829
0.31613874435424805 194 831
0.3432025909423828 216 836
0.3679640293121338 238 836
0.39445972442626953 260 841
0.4210333824157715 282 838
0.4466722011566162 302 770
0.47191691398620605 317 545
0.49799489974975586 324 281
0.5239989757537842 324 0
0.5510079860687256 317 -244
0.5762081146240234 305 -474
0.6018755435943604 290 -598
0.6278500556945801 272 -674
0.6538741588592529 254 -728
0.6807663440704346 234 -757
0.7059323787689209 214 -781
0.7318463325500488 194 -762
0.7579352855682373 176 -653
0.7841682434082031 164 -472
0.8111157417297363 158 -252
0.8364391326904297 158 0
0.861901044845581 163 182
0.8878755569458008 169 226
0.9140968322753906 174 178
0.9409749507904053 176 128
0.9664895534515381 176 63
0.9958662986755371 176 18
1.0210254192352295 176 14
1.0462074279785156 177 9
1.0717642307281494 177 9
1.0977590084075928 177 3
1.1236968040466309 177 11
1.1504454612731934 178 11
1.1751658916473389 178 22
1.201456069946289 179 23
1.227287769317627 180 24
1.2529125213623047 180 24
1.278695821762085 180 15
1.3040227890014648 180 15
1.330979347229004 180 7
1.3572580814361572 180 2
1.3817317485809326 180 2
1.4086222648620605 180 0
1.4340221881866455 180 0
1.4610459804534912 180 0
1.4862158298492432 180 0
1.512063980102539 180 0
1.5379276275634766 180 0
1.5641851425170898 180 0
1.5909814834594727 180 0
1.6165683269500732 180 0
1.6418581008911133 180 0
1.6679420471191406 180 0
1.6939911842346191 180 0
1.720991611480713 180 0
1.7464516162872314 180 0
1.7718892097473145 180 0
1.7979497909545898 180 0
1.8241136074066162 180 0
1.8509962558746338 180 0
1.8765363693237305 180 0
1.9018445014953613 180 0
1.927917242050171 180 0
1.953866720199585 180 0
1.981090784072876 180 0
2.0064778327941895 180 0
2.03187894821167 180 0
2.0578577518463135 180 0
2.083890438079834 180 0
2.11098313331604 180 0
2.1361544132232666 180 0
2.1620118618011475 180 0
2.187941789627075 180 0
2.2140417098999023 180 0
2.2409372329711914 180 0
2.266191244125366 180 0
2.2917697429656982 180 0
2.317765235900879 180 0
2.3436574935913086 180 0
2.371180295944214 180 0
2.395139455795288 180 0
2.422586679458618 180 0
2.447053909301758 180 0
2.4733822345733643 180 0
2.4985618591308594 180 0
2.525000810623169 180 0
2.551391124725342 180 0
2.577094078063965 180 0
2.602818727493286 180 0
2.628591775894165 180 0
2.653991937637329 180 0
2.6810309886932373 180 0
2.7062103748321533 180 0
2.732022285461426 180 0
2.7580196857452393 180 0
2.784111499786377 180 0
2.8109607696533203 180 0
2.8364968299865723 180 0
2.8617990016937256 180 0
2.887883186340332 180 0
2.913806915283203 180 0
2.940995931625366 180 0
2.966156005859375 180 0
2.99202036857605 180 0
3.018503189086914 180 0
3.0440196990966797 180 0
3.0709261894226074 180 0
3.096423864364624 180 0
3.12196946144104 180 0
3.1480419635772705 180 0
3.173980951309204 180 0
3.200995683670044 180 0
3.226196765899658 180 0
3.251751184463501 180 0
3.277738332748413 180 0
3.303734302520752 180 0
3.3301920890808105 180 0
3.3549954891204834 180 0
3.3814079761505127 180 0
3.407090425491333 180 0
3.432687997817993 180 0
3.45851731300354 180 0
3.484158515930176 180 0
3.5109703540802 180 0
3.536418914794922 180 0
3.561742067337036 180 0
3.5887765884399414 180 0
3.6136627197265625 180 0
3.641284465789795 180 0
3.666551113128662 180 0
3.691962718963623 180 0
3.7179009914398193 180 0
3.7440268993377686 180 0
3.7710213661193848 180 0
3.7965281009674072 180 0
3.8218750953674316 180 0
3.8479621410369873 180 0
3.8739876747131348 180 0
3.9009828567504883 180 0
3.9264559745788574 180 0
3.951876163482666 180 0
3.977964401245117 180 0
4.006795883178711 180 0
4.032002925872803 180 0
4.0579304695129395 180 0
4.091036558151245 180 0
4.1162121295928955 180 0
4.1418540477752686 180 0
4.1678478717803955 180 0
4.19389533996582 180 0
4.220980644226074 180 0
4.246524810791016 180 0
4.271805286407471 180 0
4.297895669937134 180 0
4.323957204818726 180 0
4.3509626388549805 180 0
4.376213073730469 180 0
4.4018895626068115 180 0
4.427855968475342 180 0
4.45389986038208 180 0
4.48097825050354 180 0
4.506571292877197 180 0
4.531888961791992 180 0
4.5579493045806885 180 0
4.583973407745361 180 0
4.610971927642822 180 0
4.63614296913147 180 0
4.66175651550293 180 0
4.687727689743042 180 0
4.713511943817139 180 0
4.740764856338501 180 0
4.765922546386719 180 0
4.7918078899383545 180 0
4.817986488342285 180 0
4.84397292137146 180 0
4.8708655834198 180 0
4.897352933883667 180 0
4.921825647354126 180 0
4.948706150054932 180 0
4.974040746688843 180 0
5.004654169082642 180 0
5.026431322097778 180 0
5.051869869232178 180 0
5.077859878540039 180 0
5.104010105133057 180 0
5.130890846252441 180 0
5.156524419784546 180 0
5.1818413734436035 180 0
5.2079010009765625 180 0
5.2338738441467285 180 0
5.261111497879028 180 0
5.286453723907471 180 0
5.311896800994873 180 0
5.33786153793335 180 0
5.3640758991241455 180 0
5.3909547328948975 180 0
5.416556358337402 180 0
5.441838979721069 180 0
5.467926979064941 180 0
5.4938883781433105 180 0
5.521089553833008 180 0
5.5464441776275635 180 0
5.571867942810059 180 0
5.597880125045776 180 0
5.623892784118652 180 0
5.650981664657593 180 0
5.676562547683716 180 0
5.701857566833496 180 0
5.727853298187256 180 0
5.753920078277588 180 0
5.780842065811157 180 0
5.811393737792969 180 0
5.835448265075684 180 0
5.862720727920532 180 0
5.887385845184326 180 0
5.913733005523682 180 0
5.940656661987305 180 0
5.965888023376465 180 0
5.991743564605713 180 0
6.017816543579102 180 0
6.04374623298645 180 0
6.073626279830933 180 0
6.094971418380737 180 0
6.121433973312378 180 0
6.1470677852630615 180 0
6.172717809677124 180 0
6.198055267333984 180 0
6.224669933319092 180 0
6.251040458679199 180 0
6.276663780212402 180 0
6.3018639087677 180 0
6.327930688858032 180 0
6.353949308395386 180 0
6.380986452102661 180 0
6.406216144561768 180 0
6.432024717330933 180 0
6.457963228225708 180 0
6.484169960021973 180 0
6.510983943939209 180 0
6.53667140007019 180 0
6.561885595321655 180 0
6.587939977645874 180 0
6.6141393184661865 180 0
6.641041040420532 180 0
6.666500806808472 180 0
6.691902160644531 180 0
6.717851638793945 180 0
6.7439000606536865 180 0
6.771061420440674 180 0
6.7962119579315186 180 0
6.821995973587036 180 0
6.8479156494140625 180 0
6.874004364013672 180 0
6.900880813598633 180 0
6.9261064529418945 180 0
6.951725244522095 180 0
6.978773832321167 180 0
7.003643035888672 180 0
7.030946969985962 180 0
7.054782152175903 180 0
7.081868410110474 180 0
7.107845067977905 180 0
7.1341211795806885 180 0
7.161005020141602 180 0
7.186577081680298 180 0
7.211858034133911 180 0
7.237950801849365 180 0
7.26411771774292 180 0
7.291085481643677 180 0
7.316454648971558 180 0
7.341852903366089 180 0
7.367843389511108 180 0
7.394058465957642 180 0
7.421033143997192 180 0
7.446526765823364 180 0
7.471846580505371 180 0
7.497938871383667 180 0
7.523984909057617 180 0
7.550995349884033 180 0
7.576213598251343 180 0
7.6020190715789795 180 0
7.627948045730591 180 0
7.65399169921875 180 0
7.6808860301971436 180 0
7.70619797706604 180 0
7.731972694396973 180 0
7.7580132484436035 180 0
7.783985614776611 180 0
7.814200162887573 180 0
7.836012601852417 180 0
7.861690998077393 180 0
7.887497663497925 180 0
7.913284778594971 180 0
7.938718795776367 180 0
7.964085102081299 180 0
7.990984916687012 180 0
8.016146421432495 180 0
8.042006015777588 180 0
8.06807255744934 180 0
8.095123529434204 180 0
8.120920419692993 180 0
8.147112607955933 180 0
8.172713994979858 180 0
8.198148250579834 180 0
8.22456693649292 180 0
8.251095294952393 180 0
8.276416063308716 180 0
8.30212140083313 180 0
8.328028202056885 180 0
8.35402774810791 180 0
8.38090467453003 180 0
8.406583547592163 180 0
8.431859731674194 180 0
8.457924365997314 180 0
8.483938217163086 180 0
8.51096224784851 180 0
8.536420822143555 180 0
8.5620698928833 180 0
8.587939977645874 180 0
8.617416143417358 180 0
8.64326786994934 180 0
8.668660640716553 180 0
8.69448471069336 180 0
8.72102665901184 180 0
8.746186971664429 180 0
8.771921873092651 180 0
8.798110961914062 180 0
8.840473651885986 180 0
8.864208459854126 180 0
8.891537427902222 180 0
8.92005705833435 180 0
8.973881244659424 180 0
8.998119115829468 180 0
9.024130821228027 180 0
9.050984382629395 180 0
9.076580286026001 180 0
9.101869106292725 180 0
9.12794804573059 180 0
9.153944730758667 180 0
9.180967330932617 180 0
9.206145286560059 180 0
9.233074426651001 180 0
9.258650541305542 180 0
9.284044027328491 180 0
9.313313007354736 180 0
9.33602499961853 180 0
9.36197280883789 180 0
9.387927532196045 180 0
9.41880750656128 180 0
9.4409499168396 180 0
9.467084169387817 180 0
9.491740226745605 180 0
9.51878023147583 180 0
9.543643951416016 180 0
9.571022748947144 180 0
9.596473932266235 180 0
9.621906042098999 180 0
9.64787244796753 180 0
9.673926830291748 180 0
9.70097804069519 180 0
9.726584196090698 180 0
9.752958297729492 180 0
9.778052806854248 180 0
9.8040189743042 180 0
9.831032991409302 180 0
9.85618782043457 180 0
9.882085800170898 180 0
9.908074140548706 180 0
9.935268878936768 180 0
9.961485385894775 180 0
9.987420082092285 180 0
