0.006117582321166992 0 0
0.032440900802612305 1 7
0.05726051330566406 6 232
0.08368730545043945 18 465
0.10907554626464844 33 579
0.1343083381652832 50 682
0.16037869453430176 69 730
0.1878814697265625 89 772
0.21344542503356934 109 789
0.2395639419555664 130 810
0.2653214931488037 152 815
0.2910878658294678 173 829
0.3164942264556885 194 789
0.3435359001159668 210 593
0.3689403533935547 219 351
0.39432287216186523 220 44
0.420306921005249 215 -207
0.44694972038269043 204 -442
0.4734535217285156 189 -571
0.4990386962890625 173 -622
0.5242767333984375 159 -517
0.5503792762756348 153 -282
0.5763852596282959 153 0
0.603402853012085 159 245
0.628852367401123 171 471
0.6542961597442627 186 548
0.6803336143493652 197 399
0.7063708305358887 202 192
0.7332916259765625 200 -54
0.758941650390625 191 -325
0.7842435836791992 179 -486
0.8103451728820801 167 -449
0.8364646434783936 160 -255
0.8634500503540039 160 44
0.8889131546020508 167 241
0.9143381118774414 178 444
0.9403245449066162 190 454
0.9663987159729004 198 292
0.9934165477752686 199 42
1.0188734531402588 193 -201
1.0442173480987549 182 -418
1.0702228546142578 171 -447
1.0962131023406982 163 -297
1.1225531101226807 162 -35
1.147496223449707 167 112
1.1738471984863281 177 412
1.1994965076446533 189 432
1.2254910469055176 197 283
1.2509334087371826 197 0
1.2764194011688232 192 -156
1.3039650917053223 182 -405
1.3285737037658691 171 -438
1.3553640842437744 163 -272
1.3802037239074707 163 0
1.4070188999176025 168 219
1.433441400527954 179 418
1.4590997695922852 190 423
1.484313726425171 197 269
1.5104317665100098 197 0
1.5364091396331787 191 -219
1.563424825668335 181 -405
1.5888500213623047 170 -391
1.6142890453338623 164 -238
1.640256404876709 165 43
1.66654372215271 171 287
1.693457841873169 182 419
1.7190656661987305 192 377
1.744300365447998 197 245
1.7703814506530762 195 -97
1.796825885772705 188 -291
1.82352614402771 177 -431
1.848935604095459 167 -367
1.8743321895599365 163 -246
1.9003334045410156 164 57
1.9265422821044922 172 295
1.9534144401550293 184 447
1.9790434837341309 193 374
2.0042724609375 198 169
2.0303800106048584 195 -90
2.0564472675323486 187 -329
2.083867073059082 175 -450
2.109524726867676 166 -349
2.135380506515503 162 -159
2.161026954650879 165 46
2.191230297088623 175 379
2.2134692668914795 185 457
2.2388458251953125 195 362
2.264193058013916 199 175
2.2902204990386963 196 -84
2.3160998821258545 187 -360
2.3424487113952637 175 -454
2.3674800395965576 166 -367
2.3940186500549316 161 -178
2.4208946228027344 164 85
2.445570707321167 172 336
2.472808837890625 185 459
2.4981765747070312 195 363
2.524155378341675 199 159
2.549961805343628 196 -92
2.5757012367248535 187 -338
2.602465867996216 175 -454
2.627883195877075 165 -367
2.6539366245269775 161 -197
2.6798486709594727 163 24
2.705536365509033 171 341
2.731175661087036 183 461
2.7568278312683105 193 373
2.7834677696228027 199 196
2.808891534805298 197 -33
2.83431077003479 190 -258
2.8603053092956543 179 -442
2.8865604400634766 168 -387
2.9134368896484375 162 -197
2.9390249252319336 163 38
2.9642624855041504 171 244
2.9944851398468018 184 442
3.016543388366699 193 387
3.0435402393341064 198 173
3.0690481662750244 196 -86
3.094339370727539 188 -294
3.1203291416168213 177 -439
3.1464955806732178 167 -372
3.1738150119781494 163 -164
3.1994919776916504 164 24
3.225144386291504 172 310
3.2505006790161133 183 443
3.276432991027832 193 383
3.3033430576324463 198 186
3.328789472579956 196 -74
3.35418701171875 187 -311
3.380194664001465 176 -445
3.4238293170928955 161 -283
3.4481701850891113 158 -166
3.474229574203491 162 75
3.5003976821899414 171 397
3.5264430046081543 184 501
3.554114818572998 197 417
3.5799384117126465 201 191
3.6056902408599854 200 -76
3.632352113723755 192 -300
3.6572341918945312 181 -470
3.6836602687835693 169 -449
3.709071159362793 161 -286
3.734278440475464 160 -46
3.7602832317352295 165 183
3.786464214324951 176 410
3.813391923904419 188 464
3.8388943672180176 197 329
3.86417555809021 199 107
3.8901844024658203 195 -189
3.916130781173706 185 -389
3.9434092044830322 173 -449
3.967332124710083 165 -347
3.994474411010742 162 -179
4.019097566604614 165 80
4.045582056045532 175 382
4.070464611053467 186 452
4.097347736358643 195 334
4.123741149902344 199 175
4.149243593215942 195 -122
4.174374103546143 186 -359
4.200472593307495 174 -452
4.226931810379028 165 -351
4.253491640090942 162 -180
4.278857231140137 165 80
4.304291725158691 177 381
4.330457448959351 187 466
4.356561899185181 196 297
4.3835132122039795 199 191
4.409147262573242 196 -104
4.4344141483306885 187 -344
4.460361957550049 175 -465
4.495042324066162 163 -322
4.516432762145996 160 -175
4.543390989303589 163 76
4.568815469741821 173 365
4.594324588775635 185 473
4.620440483093262 195 377
4.646924018859863 200 198
4.673447370529175 198 -58
4.699059963226318 190 -303
4.724301338195801 178 -464
4.750399589538574 167 -393
4.776418447494507 161 -248
4.803440809249878 162 31
4.82890248298645 169 261
4.854300498962402 181 446
4.880338907241821 191 387
4.906551361083984 197 237
4.933395147323608 197 -35
4.959036827087402 189 -292
4.984255075454712 179 -422
5.010327100753784 168 -369
5.0363452434539795 163 -234
5.063368558883667 165 70
5.08881688117981 173 299
5.114270210266113 184 447
5.140288829803467 194 358
5.166526794433594 198 175
5.193411588668823 195 -88
5.219028472900391 187 -329
5.244242429733276 175 -455
5.270436763763428 165 -342
5.296428918838501 162 -166
5.323445558547974 165 83
5.349067211151123 173 338
5.374291896820068 185 444
5.405628681182861 195 288
5.430500745773315 198 175
5.456502437591553 194 -115
5.483382940292358 185 -384
5.508934259414673 173 -440
5.534268856048584 165 -320
5.560354709625244 163 -193
5.586430549621582 168 88
5.613446474075317 178 390
5.6388726234436035 189 423
5.664294958114624 196 272
5.690275192260742 197 32
5.716529130935669 191 -128
5.743383407592773 181 -400
5.7689361572265625 170 -386
5.794234037399292 164 -238
5.820329666137695 165 44
5.8468177318573 171 285
5.873488187789917 182 418
5.898859024047852 191 381
5.924285650253296 197 237
5.950309991836548 195 -65
5.976529598236084 188 -267
6.003404140472412 177 -420
6.029035806655884 167 -365
6.054260492324829 163 -247
6.080343961715698 164 24
6.1063172817230225 172 281
6.133396148681641 183 440
6.15892219543457 193 386
6.184221506118774 198 182
6.210312604904175 196 -55
6.23637318611145 188 -309
6.263314723968506 177 -448
6.2885260581970215 166 -377
6.314276933670044 162 -163
6.34016489982605 164 57
6.365954875946045 171 331
6.391876220703125 184 458
6.417161703109741 194 373
6.44399094581604 199 237
6.470893383026123 197 -64
6.496401786804199 189 -296
6.5234644412994385 177 -451
6.548852920532227 167 -395
6.57430362701416 161 -195
6.600294828414917 162 73
6.626820087432861 169 277
6.653433561325073 181 444
6.679069757461548 191 418
6.704291343688965 197 250
6.73038911819458 197 -44
6.756395578384399 190 -284
6.783433437347412 179 -440
6.808907985687256 168 -394
6.834288120269775 162 -238
6.860270023345947 163 35
6.886526584625244 171 254
6.913408041000366 182 443
6.939058542251587 192 389
6.96427583694458 198 230
6.990389823913574 197 -84
7.0168986320495605 189 -293
7.043463945388794 178 -435
7.06889796257019 168 -377
7.094314336776733 163 -254
7.120296955108643 163 29
7.146531820297241 171 271
7.17343807220459 182 437
7.1988701820373535 192 389
7.22421407699585 198 230
7.250210762023926 196 -25
7.275980472564697 189 -263
7.302291631698608 178 -431
7.32718825340271 169 -369
7.3536107540130615 163 -233
7.378935098648071 164 34
7.408294439315796 174 337
7.430526971817017 184 464
7.4564807415008545 194 388
7.483381986618042 199 246
7.5088951587677 197 -62
7.535403728485107 189 -324
7.560222148895264 177 -464
7.587275266647339 167 -380
7.612558841705322 161 -229
7.638378381729126 163 91
7.66405725479126 170 264
7.6899943351745605 181 446
7.715667724609375 191 397
7.742501497268677 198 199
7.767488718032837 197 -44
7.793886184692383 190 -261
7.819580554962158 179 -435
7.845202922821045 168 -379
7.870532751083374 163 -195
7.896479606628418 163 0
7.923386096954346 170 242
7.949015378952026 182 445
7.974264621734619 193 414
8.000369548797607 198 184
8.026312351226807 197 -35
8.053323745727539 191 -288
8.07857632637024 180 -426
8.104276657104492 169 -428
8.130275964736938 163 -237
8.156535387039185 163 0
8.183432340621948 169 252
8.21312952041626 183 447
8.238029479980469 193 415
8.26404333114624 198 198
8.289888381958008 197 -28
8.315699100494385 189 -274
8.342864036560059 177 -448
8.36768126487732 167 -394
8.393921852111816 161 -189
8.41993236541748 163 36
8.445627689361572 170 273
8.471182346343994 182 457
8.497003316879272 193 395
8.523460626602173 199 258
8.54902720451355 198 -32
8.57426381111145 191 -287
8.601318836212158 179 -445
8.626550197601318 169 -426
8.654058694839478 161 -241
8.6798837184906 162 0
8.705621242523193 168 264
8.732356786727905 180 439
8.757246494293213 191 445
8.783695459365845 198 252
8.809158563613892 199 33
8.834333658218384 193 -129
8.860411405563354 183 -419
8.886424779891968 171 -446
8.91343379020691 163 -265
8.938833475112915 162 -44
8.964282989501953 168 155
8.990299463272095 178 404
9.016875743865967 189 423
9.043442249298096 196 249
9.069044828414917 197 41
9.094274282455444 191 -147
9.12037968635559 181 -401
9.146555662155151 171 -391
9.17351245880127 164 -231
9.198922872543335 164 0
9.224305629730225 170 225
9.250307083129883 181 409
9.276541709899902 191 359
9.303411722183228 196 149
9.329055309295654 195 -44
9.356547117233276 187 -317
9.383558750152588 175 -434
9.409136772155762 165 -329
9.434350967407227 161 -183
9.46045708656311 164 52
9.486533880233765 172 325
9.513524770736694 184 459
9.539031028747559 194 380
9.564352989196777 199 191
9.590314865112305 197 -69
9.616539239883423 189 -286
9.643406629562378 178 -444
9.669017553329468 168 -388
9.694262266159058 162 -228
9.720346212387085 163 81
9.74683165550232 171 285
9.773492574691772 182 443
9.798881769180298 193 388
9.82429051399231 198 239
9.85028886795044 197 -74
9.876319646835327 189 -270
9.903274059295654 177 -444
9.928473949432373 167 -395
9.954083919525146 161 -238
9.979918718338013 162 36
